 38
 35.125
 37.875
 37
 28.25
 21.5
 39.375
 18.125
 29.125
 25.5
 29.375
 34.125
 33.125
 32
 20.25
 43.875
 44.25
 34.625
 37
 34.75
 22.75
 42.25
 33.25
 43.625
 31.375
 36.125
 41.625
 40.125
 36.5
 41
 42
 31.625
 35.5
 37.875
 34.25
 42.625
 41.125
 27.125
 34
 41.875
 28.25
 35.75
 18.5
 40.625
 30.375
 27.625
 27
 55.625
 27.25
 39.125
 30.875
 36.875
 30.75
 41.375
 40.5
 32.75
 25.25
 26.75
 17.875
 29.25
 32.125
 30.75
 27.25
 27
 29.375
 18.375
 34
 34.125
 33.75
 36.25
 26.625
 28.75
 41.5
 12.25
 26.5
 29.375
 27.375
 39
 24.625
 34.125
 32.875
 21.25
 34.875
 37.875
 37.125
 33
 21.75
 22.375
 34.875
 30.375
 14.25
 20.625
 17.75
 37.125
 31.75
 24.75
 31.375
 18.875
 34.375
 26.5
 25.375
 32.625
 31.375
 7.25
 27.5
 34.75
 35.125
 28.125
 14.875
 43.875
 41.75
 36.75
 32.5
 43
 41
 33
 35.125
 37.875
 14.125
 38.5
 24.625
 34.625
 31.625
 40.25
 31.875
 39.625
 16.75
 23.625
 30.125
 33.75
 26.875
 33.375
 35.125
 39.625
 39
 27
 29.375
 49
 42.625
 36.625
 35.5
 18.375
 34.375
 43
 36.625
 27.125
 29.875
 25.25
 42.125
 28.25
 26.75
 32.625
 38.25
 43
 25
 34.5
 34.75
 17.75
 31
 23.5
 34.375
 25
 31
 21.875
 29.625
 36.5
 15.875
 31.75
 36.375
 30
 33.75
 19.75
 30.25
 38.625
 43.75
 25.375
 40.25
 28.25
 35.125
 26
 34
 27.75
 22.5
 20
 37.125
 41.625
 28.875
 36.625
 14.5
 43.75
 40.375
 32.25
 16
 36.5
 20.5
 21.75
 30.625
 30.875
 20.875
 21.625
 28.375
 27.875
 29.25
 47.625
 37.75
 19.375
 46.25
 28.5
 30.875
 39.25
 24.125
 23.125
 32
 22
 33.5
 40.75
 50.625
 34.75
 32.625
 17.25
 40.125
 23
 27.75
 30.375
 44.75
 15.75
 37.25
 33.5
 27
 33.625
 19.375
 33.625
 28
 30.875
 33.25
 22.125
 31.875
 27.25
 29.375
 24.25
 40.625
 32.625
 39.125
 22.375
 28.875
 39.5
 25.5
 27.125
 26.375
 21.5
 29.625
 43
 36.75
 19.125
 42.875
 23.375
 38.375
 28.375
 40
 33.5
 32.5
 20.375
 34.25
 33.25
 35.5
 45.375
 28.125
 43.75
 22.125
 28.25
 25
 29.375
 38.75
 36.5
 41.375
 22.25
 34.375
 25.125
 37.625
 14.125
 32.5
 16.5
 36.5
 27.75
 25.25
 40.625
 23
 40
 31.875
 38.375
 37.125
 33
 35.875
 22.5
 40.625
 30.375
 38.75
 39.875
 41.5
 42.25
 35
 30.375
 24.25
 28.75
 35.125
 19.375
 39.5
 27.75
 21.25
 29.875
 31.125
 17.125
 29.25
 16.5
 39.25
 36.5
 32.625
 46.25
 30.125
 37.875
 40
 27.875
 31.5
 32.375
 37.25
 19.875
 35.625
 25.25
 33.125
 15
 34
 30.75
 41.5
 23.75
 29.375
 42
 41.25
 36.375
 25.25
 23.625
 38.625
 43.25
 39.875
 39.75
 33.125
 28.75
 36.75
 22.375
 28.875
 28.125
 26.75
 29.5
 19.375
 46.25
 43
 21.75
 40.375
 39.375
 35.75
 32
 30.375
 30.875
 22.125
 48.875
 12.875
 28.375
 37.75
 17.375
 26.875
 29.25
 30.75
 36.75
 23.375
 33.5
 32.75
 34.875
 27.75
 31.75
 37.625
 37.875
 31.25
 33.125
 20.125
 29.375
 30.5
 33.375
 31
 29.125
 24.75
 26.75
 31.375
 23.75
 15.625
 46.5
 34.75
 22.875
 20.75
 40.125
 26.75
 32.75
 35.125
 37.125
 12.625
 38.25
 33.5
 25.5
 30.125
 29.375
 23.375
 21.25
 43.375
 37.375
 26.5
 25.75
 32.625
 33.625
 32.5
 32.875
 35.375
 33.125
 37.25
 40.625
 35.375
 34.75
 38.375
 30.75
 37.125
 19.375
 42.25
 28.375
 32.625
 37
 13.375
 30.625
 37.75
 18.75
 24.25
 37.125
 35.75
 37.875
 32.75
 37.5
 50.5
 35.875
 19
 26
 18.875
 23.75
 34.125
 30.125
 48.375
 36.125
 35.25
 24.375
 33.375
 37.75
 32.375
 17.125
 21.75
 27.875
 30.625
 38.625
 44.375
 16.25
 31.875
 36.125
 15.125
 41
 33.375
 36
 25.375
 40.625
 39
 25.125
 37
 36.625
 39.875
 26.875
 27.75
 29
 30.625
 23.875
 46.625
 31.625
 37
 40.125
 32.375
 28.75
 34
 28
 40.5
 24.5
 19.875
 31.375
 30.5
 27.75
 29.75
 22.5
 44.125
 19.875
 25.375
 22
 30.75
 28.125
 36.375
 28.5
 28
 34.625
 42.625
 44.625
 24.25
 40.625
 39.375
 19
 36.375
 48.75
 36.625
 36.875
 33.125
 37.375
 37.25
 31.375
 20.25
 37.75
 36.625
 43.75
 34.125
 17.125
 36.875
 32.75
 26.875
 41.75
 43.375
 19.625
 38
 37.375
 16.75
 19.375
 27.125
 25.625
 15
 30.5
 32.5
 32.625
 21.5
 37.5
 29.5
 38.375
 35.625
 34.375
 24.25
 36.625
 30.25
 32.25
 29
 19.125
 25.25
 19
 25.75
 28.5
 30.625
 14.125
 42.625
 48.375
 30.625
 34.625
 39.25
 24.375
 23.25
 35.25
 31.875
 44.875
 33.625
 34
 21.375
 40.25
 38.25
 43.875
 36.875
 23.875
 40.375
 33.25
 20.375
 27.875
 30.75
 23.75
 27.375
 39.75
 27.5
 37.75
 28.75
 34.875
 35.125
 41.375
 16
 33.375
 37.125
 40.375
 28
 32.5
 29
 18.75
 33.625
 41.125
 32.125
 33.25
 26.125
 23.125
 40.375
 42.5
 24.75
 43.625
 45.75
 22.625
 26.75
 28.375
 32.125
 24.125
 23.5
 38.625
 39.75
 24.875
 38.125
 37.25
 37.625
 35.25
 36.875
 27.625
 19.375
 28.875
 26.375
 33.75
 48
 50.625
 23
 35.625
 39.375
 48.125
 48
 34.5
 38.125
 31.25
 31.5
 26.625
 29.75
 36
 38.5
 31.625
 49.25
 32.375
 31.25
 18.25
 26.125
 36.75
 17.125
 22.75
 21.125
 27.875
 38.375
 29
 27.25
 26.5
 31.875
 38.25
 30.25
 20.625
 37.625
 37
 41.625
 30.125
 44.625
 55.75
 38.625
 28.875
 25.25
 18.625
 24.75
 29.875
 37.125
 26.25
 30.5
 29.5
 42.5
 20.375
 37
 37.25
 32
 26
 20.875
 42.125
 47.25
 29.375
 37
 33.75
 22.25
 45
 33.375
 29.375
 30.625
 33.375
 36.125
 29.25
 38.25
 19.375
 25.375
 25.375
 25.5
 39.375
 42.875
 18.625
 24.5
 18.25
 32.75
 40.125
 42.875
 38.125
 46.5
 27
 26.875
 38
 30.375
 33.125
 28.25
 40.375
 19.25
 23
 29.625
 27.125
 18.625
 33.625
 29.75
 23.125
 38.375
 39.25
 40
 29.75
 32
 30.625
 33
 36.375
 43.25
 34.875
 32.25
 22.25
 31.125
 30.5
 24.125
 21.625
 39.375
 49.875
 32
 30
 16.75
 32.375
 30.875
 26.75
 38.125
 42.875
 40.25
 46.875
 38.75
 29.125
 31
 33
 35.625
 29.25
 31.75
 29.25
 32
 34
 32
 41
 35.5
 35.375
 43.375
 29.625
 36.875
 23.875
 31.375
 34.375
 14.25
 48.75
 23
 33.875
 44.625
 46.875
 31.125
 36.625
 20.875
 30.375
 48.875
 44.5
 20.375
 37.125
 34.125
 37.75
 31
 26
 22.875
 23.125
 28
 31.25
 25.5
 45
 23.875
 34.5
 35.875
 27.375
 29.25
 23.125
 28.625
 24.625
 23.375
 37.375
 35
 36
 28
 14.875
 23.125
 32.25
 34.625
 25.25
 33.75
 42
 24.75
 31
 30.625
 17.875
 25.125
 24.625
 23.125
 33.375
 40.125
 45.75
 31.375
 14.875
 23
 27.75
 27
 41.5
 37.125
 27.375
 35.25
 21.375
 31.25
 44.625
 44.5
 19.625
 30.125
 42
 27
 39.5
 32.75
 25.5
 37.5
 35
 19.75
 26.25
 37
 44.875
 27.125
 41.625
 20.375
 42.75
 39.625
 29.75
 29.25
 31.5
 21.125
 36
 15.75
 30.625
 24.125
 21
 37.75
 22
 29.625
 35.75
 39.25
 24.75
 24.25
 34.625
 30.75
 35
 44.625
 30.5
 29.375
 20.75
 48.5
 23.875
 41.5
 32.625
 41.625
 27.375
 33.25
 24.75
 21.25
 39
 39.75
 27
 22.25
 40
 41.25
 38.5
 18.25
 36.375
 31.25
 21.125
 43.25
 39
 23.5
 24.375
 36.875
 39.375
 38.375
 43
 36.5
 30.5
 31.25
 35.75
 26
 44.5
 31.125
 26.125
 35.875
 23.5
 28.25
 31.875
 35.875
 34.75
 39.375
 45
 26.625
 51.375
 35.625
 38.75
 12.5
 26.25
 36.875
 31.5
 38.875
 37.125
 32.375
 42.5
 37.75
 33.625
 26.875
 17.75
 30
 25.75
 31.125
 24.25
 32
 26.625
 32.625
 25
 29
 43.125
 25
 14.25
 40
 28.5
 24.375
 44.25
 32.625
 29.875
 25.625
 32.75
 35.5
 29
 31.625
 36.75
 31.75
 11.5
 36.125
 23.25
 23.5
 23.75
 25.25
 24.875
 37
 32.875
 31.5
 41.25
 53.375
 31.5
 39
 32.375
 25.125
 18.25
 45.375
 35.625
 21.25
 34.125
 27.375
 23.125
 34.875
 39
 37
 14.25
 26.625
 40.75
 31.875
 28.375
 31.75
 32.625
 26.625
 34
 32.5
 39.75
 35.625
 29.375
 26.75
 33.25
 24.625
 29.875
 43.75
 16.5
 18.25
 15.5
 34.375
 35
 28.75
 34.375
 28.25
 37
 39
 25.625
 34.25
 35.5
 38.625
 33.875
 30.875
 42
 37.625
 31.125
 31.25
 42.5
 35.5
 26.75
 26.625
 14.75
 41.625
 38.375
 25.75
 34.375
 37.75
 26.875
 40.25
 35.25
 25.375
 29.25
 40.375
 29.125
 15.75
 38.875
 28.375
 46.5
 20.25
 21.375
 35.375
 35.125
 42.375
 25.375
 37.25
 43.25
 30.625
 35.875
 37.25
 36.125
 41.375
 30
 28
 37.375
 36.75
 25.875
 25.5
 37.625
 41.625
 17.375
 39.125
 30
 22.25
 48.5
 27.25
 27
 32.25
 42.25
 25.625
 26.125
 45.25
 28.75
 23.25
 44.125
 31.125
 10
 31.75
 49.25
 24.875
 37.75
 32.75
 35.75
 44.625
 41.625
 15.75
 29.625
 40
 24
 19.75
 39.5
 20.875
 35.375
 27.5
 21.75
 30.625
 35.625
 41
 42
 45.5
 41.875
 13.375
 39.625
 41.5
 33
 16.625
 49.5
 30.75
 29.875
 27.25
 18.375
 17
 26
 35.625
 40.25
 35.125
 27.375
 39.75
 28.25
 42.375
 38.125
 25.625
 27
 32.125
 9.5
 25.75
 40.75
 42.25
 34.375
 22.875
 26.375
 25
 23.375
 35
 24.625
 44.375
 43.75
 28.375
 27.375
 36.125
 13
 32.375
 42.375
 19.375
 28.75
 47.75
 34.75
 31.875
 39.625
 28.375
 32
 32.375
 29.5
 21.25
 47
 34.75
 39.125
 20.25
 30.625
 42.75
 32
 44
 35.625
 31.125
 30.125
 23.875
 33.25
 41
 38.625
 29
 28.5
 33.625
 29.625
 15
 41.25
 12.25
 35
 27.625
 48.5
 32.75
 27.875
 32.125
 25.125
 35.125
 36.5
 28.25
 21.625
 36.375
 25.875
 48.375
 39.25
 40.5
 45.75
 29.5
 40.125
 46.75
 32.125
 32.875
 23.375
 36.875
 26.875
 43.25
 23
 29.25
 18.75
 26.375
 32.25
 23.375
 39.375
 43.875
 12.375
 25.625
 34.75
 13.25
 15.25
 38
 41.5
 36.875
 35.125
 19.75
 28.5
 14.125
 22.875
 20.75
 47.25
 20.25
 35.375
 35
 40.25
 41
 32
 37
 28.625
 25.75
 29.125
 42.5
 37.75
 38.25
 29.75
 28.625
 35.25
 28.75
 33.75
 45.5
 30.625
 30.125
 36.375
 33.75
 23.375
 26.375
 28.25
 31.375
 31.875
 20
 34.75
 41.375
 36
 29
 23.375
 35.125
 20.625
 35.625
 46.5
 34
 28.5
 32.125
 29.75
 35.5
 21.5
 36.5
 32.25
 30.5
 28.625
 24
 41
 17
 26.5
 47.125
 36.5
 33.5
 32.125
 40.125
 15.375
 42.125
 28.875
 24
 25.75
 29.75
 33.25
 14.75
 31
 29.25
 25.375
 19
 26.625
 36.125
 31.25
 32.125
 42.125
 26.625
 27.875
 24
 39.875
 33.625
 38.875
 34.75
 32.5
 42.375
 20.125
 28.625
 40.375
 34.25
 44.625
 33
 41.25
 32.375
 38.375
 30
 23.875
 29.5
 33.25
 22
 22.75
 31.75
 28.25
 23.25
 29.25
 26.875
 26.5
 23.375
 17.125
 35.375
 36.75
 23.5
 32.75
 31.375
 29.625
 37.875
 20
 31.125
 20.125
 41.25
 33.25
 41.875
 42.75
 36.875
 31.125
 14.875
 26.5
 24.375
 27.625
 39.375
 16.5
 32.375
 40.5
 22.375
 13.125
 29.25
 37.375
 28.75
 38.75
 39
 37
 40.125
 29.125
 42.5
 29
 31.5
 32.5
 44.125
 40.375
 31.125
 31.625
 19.25
 24.125
 37.125
 53.125
 29.5
 23.5
 16.5
 42
 11.5
 33.375
 30.5
 25.5
 18.875
 34.375
 37.375
 42.5
 36
 21.875
 38.375
 32
 33
 38.5
 35.375
 42.875
 25.5
 34.875
 26.125
 27.75
 24
 33.125
 31.875
 40.75
 27.375
 34.875
 48.5
 22.375
 24.625
 28.875
 47.375
 39.5
 35.375
 23.875
 29.625
 24.5
 37.25
 48
 29.125
 44.875
 37.75
 40.875
 27.875
 27.875
 28.25
 31.25
 9.125
 26.125
 28.875
 38.625
 44.5
 36
 34.875
 31.75
 50.625
 23.75
 38.75
 46.375
 22.75
 30.125
 24.25
 35.75
 39.75
 43.5
 41.375
 36.75
 34.5
 15
 31.875
 23.875
 18.375
 34
 24.625
 22.5
 32.375
 31.375
 27
 33
 26.75
 24.5
 28.125
 31.5
 31.5
 32
 15.125
 38.25
 29.625
 24.625
 31.75
 27.625
 31.875
 45
 39.5
 29.375
 22.375
 32.5
 29
 34.75
 40.125
 30.875
 32.625
 25.625
 21.875
 33.125
 31.375
 40.75
 20.75
 38.75
 20.625
 26.25
 39.25
 20.375
 27
 43.25
 31
 36.5
 25
 34.625
 32.375
 34.5
 27.875
 18.25
 35.5
 34.125
 37.5
 44.25
 22.375
 15.5
 11.375
 32.5
 22.625
 47.75
 46.625
 45.25
 40.125
 44.5
 26.625
 24.875
 22.5
 31
 23.875
 35.125
 27.5
 20
 27
 45
 29.375
 51.125
 16.5
 27.25
 40.875
 26.125
 24.25
 36.125
 23.25
 35
 36.25
 42.875
 21.25
 26.375
 30.625
 28.25
 20.75
 31.875
 35.125
 36.5
 18.5
 32
 35.375
 29.625
 40
 26
 28
 25.625
 26.25
 33.5
 24.875
 37
 29.125
 35.625
 37
 27.875
 31.125
 20.875
 32.25
 38.125
 30
 38.25
 21.25
 45.625
 35.75
 30.375
 45.25
 35
 23.625
 35.375
 35
 33.875
 34.875
 25.625
 28.75
 23
 29.375
 49.75
 24
 32.125
 24.5
 34.75
 37.5
 28.625
 37.5
 31.25
 37.625
 29.625
 35.375
 29
 26
 24.25
 32.375
 48.375
 25.75
 24
 33.75
 34.25
 34.75
 37.25
 28
 39.25
 19.125
 36.25
 38.75
 45.375
 42.875
 16.375
 40
 23.875
 32.5
 22.125
 37.375
 48.375
 35.625
 33.75
 28.375
 23.75
 24.375
 46.75
 40
 32.25
 37.375
 39.75
 24.25
 34.5
 25.625
 11.625
 38.125
 30
 29.375
 29.875
 32.5
 32.75
 22.625
 19
 31
 30.125
 40.5
 27.125
 40.625
 33.75
 31.125
 36.5
 19.875
 31.75
 35.5
 27
 36.875
 34.125
 43.625
 24.625
 40.125
 40.625
 25.875
 27.75
 21.125
 27.25
 20.5
 29.125
 38.75
 40.625
 40.375
 30.25
 29.875
 31.5
 37.75
 17
 38.625
 39.125
 37.75
 24.875
 37.5
 30
 31.625
 20.25
 39
 39.125
 15.25
 36.125
 20.75
 34.375
 32.5
 26.5
 42.625
 42.625
 31.375
 30
 39
 37.625
 29.625
 34.875
 29.625
 29.5
 30.25
 38.25
 32.25
 33.125
 18.5
 42.875
 44.25
 22.75
 33.375
 23.375
 33.875
 32.625
 38.25
 21.375
 29.375
 29.875
 37.125
 32.125
 29.125
 28.625
 21.875
 23.125
 35.5
 41.125
 39.75
 28.875
 35.5
 37.125
 44.5
 24.625
 35.625
 12.5
 24
 22.5
 33.75
 29
 21.125
 30.125
 24.125
 47
 31
 22.5
 25.5
 26.125
 22.75
 19.375
 47.125
 34
 30.25
 30.25
 35.875
 38.25
 33.125
 20.625
 23.625
 47.25
 29.75
 30
 35.75
 23.5
 40.625
 25.625
 32.25
 19.375
 16.375
 49.5
 35
 35.875
 36.125
 21.375
 30.375
 30.125
 31.5
 24.5
 21.875
 34.25
 35.125
 28.375
 25.375
 33.125
 51
 40.375
 23.625
 13.5
 35
 27.375
 20.125
 16
 39.25
 27
 51
 35.375
 23.25
 26.75
 29.875
 28.25
 41.5
 25.625
 34.25
 37.875
 42.75
 32.875
 33.625
 29.625
 23.875
 29.625
 40.625
 28.375
 26
 30.125
 36.125
 45.25
 23.5
 37.25
 37.125
 24.875
 34.5
 34.375
 33.375
 34.25
 21.25
 19.75
 39.125
 29.25
 28.375
 48
 18.625
 24.375
 29
 36
 40.125
 20.75
 22
 42.125
 34.375
 40.25
 41.375
 34.125
 35.375
 31.75
 24.375
 15.375
 29.125
 24.625
 22.875
 16.75
 29.125
 22.375
 26.75
 40.5
 28
 17.25
 32.875
 46.5
 27.75
 45.875
 34.75
 37.75
 20.875
 46.125
 30
 37.625
 31.875
 47.125
 22.625
 27.75
 23.25
 41
 46
 22.125
 17.125
 17.75
 13.375
 30.5
 31.75
 47.125
 37.375
 30.875
 42.25
 33.375
 33.25
 42.5
 20.375
 26.125
 29.5
 19.75
 44.375
 22.75
 11.125
 41.625
 29.375
 32.5
 29.625
 44.25
 30.75
 41.875
 23.5
 31.375
 42.625
 29.625
 33.375
 30.625
 25.5
 43
 20.125
 28
 37.5
 33
 23.5
 30.5
 34.875
 30.875
 21.625
 16.125
 48.25
 33
 23.875
 12.375
 37.75
 41.5
 23.625
 47.125
 29
 32.125
 20.875
 45.75
 29.875
 27.5
 36.25
 38.5
 38.375
 52
 44.375
 30.875
 21.75
 26
 42.75
 34.625
 33.5
 47.5
 30.375
 32.125
 36.375
 31.5
 42.375
 18.5
 35.625
 16.75
 16.625
 35.125
 39.125
 35.5
 29.5
 25.75
 39.5
 33.875
 33.5
 35.5
 26.625
 16.875
 24.875
 24.625
 32
 42.125
 33.375
 34.5
 33.25
 38.375
 26.5
 33.625
 42.625
 27.25
 34.125
 26.875
 22.625
 38.25
 32
 26.75
 21.375
 27.625
 25.875
 26.5
 20.75
 29.125
 28.875
 50.75
 20.375
 36.625
 34.625
 30.5
 19.625
 23.125
 18.5
 23.5
 24
 42.875
 36.375
 30
 29.375
 24.25
 30.5
 50.75
 23.25
 25.5
 24.375
 19.625
 29.625
 27
 38.375
 26.75
 33.75
 29.75
 20.75
 48.625
 32.5
 37.75
 45.75
 25.75
 33.375
 27.375
 31.875
 33
 49.375
 33.125
 26.375
 17.875
 36.125
 36.5
 37.25
 19
 49.625
 28.25
 32.75
 39.375
 20.375
 35.125
 17.125
 31.75
 40.75
 40.625
 20
 26.375
 28.375
 26.5
 25.125
 30.25
 30.125
 24.125
 22.375
 40.25
 24
 15.375
 36.625
 26.75
 40.25
 25.75
 40.875
 37.5
 33.625
 31.875
 39.75
 27.875
 24.125
 40.875
 30.875
 21.875
 27.5
 30
 42
 28.5
 53.75
 28.75
 34.125
 50.125
 14.25
 34.375
 26.25
 32.625
 39.375
 31.5
 34.25
 31.875
 28.75
 32.375
 40.25
 38
 34.875
 30.875
 19
 31.375
 36.5
 21
 36.5
 26.125
 34.625
 35.375
 38.375
 46.75
 31.125
 35.5
 31.75
 27.875
 16.125
 38.875
 33.375
 28
 26.875
 31.875
 29.375
 42.875
 50.875
 20.375
 27.625
 46.5
 44
 39.25
 37.5
 16.75
 26.625
 30
 34
 44.625
 26.375
 35.875
 34.25
 28.25
 27.5
 44.625
 25.25
 27.75
 43.25
 33.375
 25.25
 38.25
 24.625
 28.25
 23.125
 23.625
 35.625
 21.625
 12.125
 32.75
 40.5
 29.375
 28.25
 43.375
 36.625
 31.875
 41.75
 38.25
 34.125
 29.125
 21.625
 25.5
 29.25
 26.625
 25.125
 35.875
 24.125
 31.125
 25.125
 25.875
 27.375
 21.5
 18.125
 49
 33.875
 37.375
 22.25
 42
 34.5
 31.25
 29
 26.5
 46.875
 41.625
 35.5
 15.25
 25.625
 31.5
 33.875
 20.375
 29.75
 22.5
 50
 43.875
 39.875
 32.625
 38.875
 18.125
 27.5
 29.75
 27.875
 24.875
 37.25
 40.125
 26.625
 31.375
 31.875
 30.875
 37
 32.375
 42.125
 25.125
 36.125
 29.375
 36.25
 34.75
 36.25
 27.75
 32.875
 25.875
 19.625
 25.875
 27.875
 17.625
 34.375
 31.625
 23.25
 40.125
 28.625
 33
 15.25
 12.75
 34.125
 30.125
 40
 27.5
 32.75
 35.5
 28.25
 35.125
 25.875
 18.375
 30.5
 46.625
 21.375
 37.875
 43.625
 53
 29.875
 18.5
 27.875
 34.875
 38
 34.125
 22.125
 29
 34.625
 38.625
 35
 26.875
 24.75
 35.375
 40.125
 36.625
 23.875
 42.875
 26
 31.25
 20.375
 31.5
 28.875
 48.25
 32
 17.625
 16.125
 37
 22.625
 42.75
 31.25
 23
 35.75
 37.75
 13.875
 38.375
 24.125
 38.375
 25.25
 47.75
 39
 23.875
 17.625
 7
 16
 31.875
 32.125
 22.75
 27.75
 21.75
 22.75
 35
 34.5
 36.75
 30.875
 32.625
 32.75
 30.375
 38.5
 36.75
 19.625
 34.875
 39.375
 36.75
 33.875
 25.75
 28.625
 40.625
 37.625
 26.125
 18.875
 39.5
 16
 18.375
 23.875
 31.25
 39.5
 44.625
 33
 22.5
 39
 27.375
 13.125
 28.25
 33.25
 33
 40.875
 20.25
 36.125
 25.75
 33.125
 29.875
 26.375
 32.5
 39.125
 37.75
 29.125
 21.875
 30.875
 33.5
 36.625
 26
 33.125
 37.125
 32.875
 29.875
 45.375
 28.25
 41.875
 37.75
 22.5
 12.875
 35.5
 31
 37.25
 20.5
 43.5
 42.875
 24
 34.75
 28.125
 16.5
 24.75
 32.75
 35.75
 26.5
 24.375
 36.5
 35.5
 18.875
 23.5
 37.25
 28.125
 48.875
 43.125
 22.625
 30.75
 33.5
 17
 42
 45.125
 38.5
 26.25
 23.875
 19.625
 24.125
 29.375
 38.5
 34.5
 38.125
 25.875
 38.375
 35.625
 40.125
 43.875
 22.125
 43.875
 34.25
 33.625
 40.375
 20.75
 33.625
 25.125
 29.25
 41.875
 32.375
 19.75
 26.625
 26.75
 32
 36.5
 38.125
 29.375
 27.5
 23.5
 46.5
 34
 42.875
 41.375
 22.875
 40.25
 20.875
 24.25
 35.375
 26.625
 36.625
 20.375
 41.75
 34.375
 37.75
 27.625
 45.375
 32.375
 27.5
 38.125
 46.375
 20.125
 39.125
 35.125
 25
 32.125
 20.5
 29.125
 40.875
 31.5
 15
 27.625
 27.5
 31.875
 22.625
 25.625
 21.375
 33.75
 29.5
 27.625
 36.125
 30.25
 42.875
 26.125
 32.75
 35
 24.375
 30.875
 40.375
 37.625
 21.625
 36.625
 21.625
 38
 45.375
 40.875
 29.375
 31.375
 22.625
 32.625
 23.375
 39.875
 40
 18.875
 44.625
 25.375
 39.625
 36.25
 33.625
 29.125
 43
 20.25
 17.75
 19.75
 36.875
 41.375
 38.875
 27.875
 29.125
 25.375
 45
 23
 18
 27.25
 46.5
 42.125
 18.125
 33.375
 34.375
 38.75
 14.5
 29.25
 26
 43.5
 30.5
 54.375
 31.625
 38.125
 31.375
 39.25
 41.75
 36.875
 34.625
 43.375
 25.875
 34
 23.25
 30.875
 41.5
 16.625
 29.625
 30.625
 17.375
 42.625
 30.125
 30.875
 42.875
 40.875
 25
 20.875
 25.625
 39.25
 49.375
 24
 44.875
 40.875
 34.375
 33.5
 27.5
 33.5
 30
 40.875
 17.375
 29.75
 45.875
 37.375
 31.75
 29.75
 36.625
 28.125
 13.75
 28.5
 23.375
 23
 30.125
 37.5
 30.125
 34.875
 42.375
 20.125
 39.5
 30
 41
 18.875
 36.5
 32.625
 33
 39.875
 20.375
 35.5
 34.625
 33.75
 21.75
 29.875
 24.25
 24.5
 31.75
 37.75
 35.625
 35.875
 19.875
 36.75
 15.625
 28
 43.75
 39.75
 30.75
 26.25
 34.125
 14.75
 36.875
 27.125
 15
 36.375
 20.625
 38.375
 36.875
 29.5
 24
 23.625
 46.875
 34.75
 23.375
 42.25
 28.5
 47.25
 35.625
 37.25
 40.25
 29.75
 29.5
 44.625
 36.875
 39.25
 39.875
 16.625
 47.75
 41.25
 38.625
 24.625
 27.375
 34
 37.625
 22.5
 36.625
 10.125
 40.875
 32.125
 17.75
 35
 18.375
 28.75
 17.125
 32.25
 26.375
 34.5
 35.75
 38.375
 32.75
 24.5
 24.125
 26
 32.5
 42.625
 41
 28.25
 27
 33.875
 41.25
 37.75
 21.75
 28
 30.875
 36.75
 38.5
 40.75
 33.75
 34.5
 36.25
 30.625
 37.5
 21.5
 16.25
 29.875
 27.25
 18
 22.625
 28
 18.125
 14.5
 18.75
 22.125
 29.375
 32.625
 33.125
 30.25
 39.375
 29.25
 32
 28.125
 30.75
 30
 30.625
 25.625
 33.125
 19.25
 22.25
 22.875
 40.25
 37.75
 29.75
 34.375
 30
 50.375
 28.75
 46.75
 25.375
 48
 39.5
 23.5
 53.375
 29.125
 28.375
 34.25
 38.625
 47.75
 28.625
 31.25
 23.75
 23.5
 26.5
 28.75
 41.375
 42.125
 25.5
 33.25
 30.875
 15.375
 13.375
 39.125
 20
 17
 35
 31.25
 38.625
 24.875
 36.375
 18.375
 20.625
 37.625
 36
 31
 25.875
 36.5
 38.25
 24.125
 45.375
 34
 37.5
 25.75
 20.625
 25.375
 41.75
 39.625
 32.5
 31.375
 33.375
 42.125
 34.5
 31.5
 25.875
 29.25
 39.625
 40.5
 29
 26.5
 31.375
 22.125
 36.625
 28.25
 33.625
 37
 25.25
 21.5
 17.375
 25.75
 32.5
 40
 37.375
 32.375
 28
 39.375
 47.75
 36.125
 34.125
 46
 36.875
 33.375
 25.625
 37
 36.625
 35.125
 42
 21.5
 31
 32.375
 19.875
 32.875
 29.625
 40.875
 30.25
 26.75
 22.5
 24.875
 29.625
 20.125
 29
 29.625
 34.375
 42
 34
 35.25
 47.875
 27.5
 40.375
 42.75
 30.875
 33
 23.875
 29.25
 26.625
 44.625
 29.125
 43.125
 33.375
 33.5
 28.375
 37.375
 33.75
 35.375
 41
 36.5
 43.75
 36.125
 22.125
 25.125
 46.5
 14.25
 32.125
 21.25
 33.5
 32.375
 15.25
 39.375
 40.375
 27.75
 32
 26
 17.5
 33.125
 36
 45
 26.375
 35.75
 36.75
 38.25
 32.125
 23.75
 29.625
 35.875
 27.5
 29.125
 29.5
 28.875
 33.875
 36
 40.875
 33.25
 26.625
 33.125
 34.625
 19.25
 45.25
 40.375
 32.875
 36.625
 22.75
 43.5
 41.625
 21.5
 28.625
 36.75
 28.625
 27.5
 26.75
 18.25
 40.875
 39
 55.375
 18.625
 22.875
 43
 40.25
 36.375
 24.25
 35.75
 35.125
 32
 22.625
 22.875
 28.125
 33.625
 22.125
 51.5
 36.375
 38.625
 32
 28.375
 45.25
 35.25
 34.875
 42.25
 13.75
 37.625
 34.5
 40.375
 46.75
 41.75
 28.25
 48.375
 25.75
 23.5
 36.25
 31
 32.625
 25
 36.125
 27.375
 40.125
 34.75
 16.5
 26.125
 16
 41.625
 37.875
 37
 27.125
 25.5
 25.5
 15
 42.625
 55.5
 23.125
 26.125
 28.25
 29
 29.875
 28.25
 34.125
 43.75
 30.625
 46
 25.125
 16.75
 33.5
 33.25
 38.375
 20.5
 38.625
 34.125
 22.375
 42.375
 29.5
 48.25
 44.25
 30.75
 39.25
 19.75
 35.375
 26.75
 29.875
 31.75
 41.5
 39.5
 33
 20.375
 32.75
 10.875
 43.25
 20.375
 36.25
 25.375
 16.125
 40.125
 21
 30.125
 31.125
 43.25
 22.5
 25.25
 27.875
 33.625
 31.625
 32.875
 25.125
 27.875
 25.875
 23.875
 36.375
 44.25
 43.125
 35.5
 25.375
 33
 24.375
 35.875
 30.625
 29.875
 27.25
 35.375
 46
 34.375
 33.375
 21.625
 35.375
 44.75
 38.125
 22.875
 33.375
 8.25
 35
 25.875
 37.875
 20.375
 22
 23.875
 21.625
 22.375
 31.375
 34.875
 18.25
 37.625
 38.75
 40.875
 28.5
 31.625
 35
 36.875
 17.625
 41.625
 25.125
 17.25
 20.5
 36.875
 32.125
 26.75
 44
 18.875
 30
 39.375
 33.875
 44
 17.75
 30.375
 36.125
 18.125
 28.25
 26
 20.125
 37.5
 24.25
 39.125
 31.125
 23.125
 35.75
 19.5
 23.625
 32.875
 34
 30.5
 42
 33
 33.625
 30.5
 32.5
 30.625
 34.5
 25.125
 35.625
 10.875
 38.125
 17.25
 39.5
 30.125
 18.25
 29
 28.875
 26.375
 32.75
 26
 41.875
 26.125
 41.75
 52.125
 26.625
 32.75
 22.375
 32
 18.875
 39.875
 27.625
 25
 39.875
 35
 29.125
 35.5
 32.625
 37.125
 33
 33.375
 34.875
 32.5
 28
 21.75
 47.5
 25.5
 35.25
 37.5
 43.875
 22.5
 23
 24.375
 36.5
 32.375
 37.25
 33
 28.25
 30.375
 24.125
 40.375
 37.875
 27.375
 26.75
 32.625
 47.625
 41.375
 35.375
 25.5
 30.375
 26.375
 20.25
 30.75
 30.625
 21.5
 25.625
 47.625
 28.625
 30.75
 25
 23.75
 28.875
 24.75
 23.125
 22.375
 33.125
 26.625
 39.875
 30.5
 38.375
 24.875
 22.625
 27.375
 39.375
 35
 33.625
 25.875
 31.375
 45.625
 26.75
 26.75
 33.25
 24.5
 40
 13.5
 35.125
 38.5
 32.875
 18
 41.5
 26.5
 49.125
 53.5
 25.125
 40.25
 34
 41.875
 43.875
 30.25
 33
 47.125
 40.625
 37.5
 22.375
 23.125
 31.75
 35.75
 27.375
 33.5
 25.125
 25.75
 19.75
 23.75
 35.5
 45
 37.125
 34.375
 27.625
 27.25
 39.75
 40.875
 33.125
 40.375
 14.625
 34
 43.875
 31.25
 42.625
 28.5
 28.375
 25.125
 30.125
 37.25
 33.75
 34.125
 14.375
 18
 40.875
 31.375
 36.125
 31.25
 35.375
 39.5
 16.5
 37.125
 31.5
 35.875
 29.625
 33.875
 25.125
 30
 43.625
 35.875
 32.25
 36.125
 39
 45
 15.75
 28
 22.875
 28.875
 34.5
 31.25
 41.25
 29.5
 19
 25.5
 28.375
 27.875
 37.375
 36.125
 33.75
 21.25
 29.25
 42.25
 35.75
 34
 22.375
 21.625
 26
 31.25
 32.5
 28.875
 42.75
 40.25
 27.25
 31.75
 26.25
 29.875
 35.625
 17.25
 35.125
 37
 22.75
 37.875
 34.375
 39.25
 30.875
 34.25
 41.5
 27.375
 47.625
 38.625
 36.25
 23
 19.75
 35
 31
 26.375
 6
 30.125
 36.375
 34.375
 30
 37.375
 25
 33.375
 37.625
 38.75
 43
 30.75
 35.5
 37.25
 25.875
 23
 31.375
 36
 37.875
 34
 19.375
 28.125
 28.25
 29.375
 26.75
 29.375
 31.875
 32.375
 37
 47
 31.125
 26
 18.5
 25.25
 31
 18.875
 28.375
 17.375
 46.625
 31.25
 10.75
 29.5
 41.625
 17.375
 31.5
 41.5
 15.5
 19.625
 20.875
 32
 37.875
 36
 28
 19.25
 20.625
 31.75
 31.625
 31
 17.625
 28.375
 38.25
 24.5
 45.5
 33.875
 17.625
 33.125
 31.125
 33
 30
 32.75
 35.25
 23.375
 41.875
 39.75
 33.5
 24.25
 40.125
 37
 31.125
 37.625
 26.625
 42.625
 40.375
 31.75
 24.75
 31.375
 26.375
 34.125
 23.125
 24.125
 36.375
 28.875
 17.75
 29.125
 28.25
 36.25
 34.875
 42.25
 42.625
 35.625
 34.625
 31.875
 38
 28.125
 32.125
 36.625
 31.125
 39.625
 21
 18.125
 23.375
 31
 26.375
 25.625
 24.125
 40.375
 31.375
 32.875
 22
 48.25
 44.75
 17.5
 24.25
 35
 28.25
 26.125
 26.125
 32
 44
 40.375
 29.875
 24
 26.25
 40.25
 43.75
 33
 35.375
 37.5
 39.75
 39.75
 27.75
 24.5
 46
 32
 37.875
 47.75
 45
 37.75
 32.5
 32.625
 22.5
 23.875
 41
 34
 27.125
 26
 37
 36.25
 34.25
 9
 22.875
 19.375
 24.5
 39.25
 33.375
 20.25
 38.25
 33.375
 29.75
 35.375
 41.375
 32.25
 44
 29
 43.75
 33.625
 35.25
 39.5
 21.625
 16.5
 30.375
 34.875
 20.75
 19.5
 32.125
 16.25
 33.125
 38.875
 35.75
 30.75
 20.75
 24
 38.375
 27.5
 34
 37.625
 38.5
 45.375
 31.5
 41.875
 37.625
 35.5
 32
 35.5
 23.25
 45
 31.625
 29.75
 21.875
 29.5
 30.75
 23.625
 20.875
 15.375
 26.75
 30.25
 32.25
 27.875
 51.125
 30.75
 26.25
 33.25
 23.75
 41.625
 30.75
 31.625
 28.5
 27.75
 18.625
 32.75
 43.375
 27.25
 33.5
 33.5
 43.25
 26.125
 22
 45.125
 30.75
 35
 28.375
 25
 21.375
 37.5
 28.125
 20.875
 26.5
 44.375
 29.625
 46.625
 25
 17.5
 36.375
 33.875
 39.75
 31
 41.25
 27.625
 27.625
 30.125
 22.125
 27.125
 32.375
 22.375
 31
 38.75
 30.875
 38.75
 21.375
 31.5
 33.75
 19.25
 26.625
 30.875
 31.125
 34.75
 33.25
 31.125
 30.625
 20.375
 26
 30
 29.375
 15.75
 33.125
 36.375
 21.5
 16.375
 40
 35.25
 27.5
 38.125
 41.25
 28
 27.375
 22.125
 30.125
 24.375
 42.375
 27.5
 17.625
 32.875
 24.125
 12
 40.875
 30
 15.75
 39.25
 45.5
 40.875
 41
 20.625
 32
 17.375
 35.625
 32.25
 33
 14.5
 36.75
 27.375
 42
 31.375
 35.25
 40.125
 32.75
 43.5
 26.875
 31.5
 42.75
 37.25
 24.75
 25.125
 40.125
 27.375
 23.25
 29
 34.75
 38.625
 47.625
 28.625
 39.625
 38.375
 38.875
 44.125
 39.875
 33.875
 28.75
 26
 32.5
 25.125
 39.75
 33.125
 31.125
 37.25
 40.25
 40
 26.75
 24.25
 43.25
 29.375
 32.625
 28.5
 29.75
 26.5
 18.5
 34
 33.5
 29.375
 36.875
 37.125
 27.125
 25.25
 34
 22.75
 34.75
 25.25
 41.375
 29.75
 33.5
 43
 28.625
 29
 32
 32.375
 26.875
 35.125
 26.625
 20.875
 33.75
 17.75
 46.375
 35.375
 24.75
 30.625
 29
 25.25
 23.625
 35.125
 22
 18.125
 37.375
 25.25
 27
 41.25
 30
 36
 33.125
 34.625
 44.75
 18.125
 41.625
 21.5
 30.25
 29.625
 25.5
 35.75
 34.25
 32.875
 43.875
 30.625
 41.75
 24.625
 32.125
 34.875
 45.25
 40.375
 42.375
 37.375
 33.625
 34.75
 34.125
 22.75
 23.875
 11.5
 33
 41.625
 26
 30
 43.875
 40.75
 42.125
 19.875
 31.625
 41.125
 44
 26.375
 35.75
 24.375
 47.25
 40.375
 30.875
 29.5
 34
 21
 39
 19.125
 34.875
 37.75
 31.5
 34.875
 30
 23.375
 29.5
 26.125
 19.75
 21.25
 33.5
 29.75
 35.625
 19.5
 17.625
 46.875
 19.25
 43.625
 23.625
 40.25
 18.875
 41.5
 19.625
 36.625
 27.625
 30.25
 15.75
 31.875
 30.875
 26
 17.25
 33.5
 39.5
 29.125
 41.375
 32
 33.5
 11.875
 22.25
 35.75
 17.25
 30.375
 40.5
 46
 48.375
 35.5
 37.5
 36.375
 56.125
 31.125
 19.25
 20.25
 23.875
 27.25
 29.5
 33.25
 38.625
 36.125
 29.5
 36.625
 38
 20
 36.625
 32.125
 33.75
 24
 34.5
 31.25
 23.75
 33.625
 37.625
 38.5
 34.125
 36.375
 24.125
 26.875
 46.75
 36.125
 34.625
 47
 30.375
 40.125
 17.875
 35.25
 36.5
 33
 38.75
 19.125
 34.5
 24.5
 43.5
 32.375
 45.75
 22
 41.75
 21.625
 35.375
 28.375
 23.125
 31.5
 23.125
 25.375
 39.875
 32.625
 33.375
 28.25
 29.5
 33.5
 43.625
 38.75
 38.125
 23.125
 25.375
 37.375
 41.5
 25.875
 36.625
 35.5
 39.875
 36
 27.875
 24.375
 31.25
 29
 29.875
 33.25
 29.125
 27.25
 25.5
 20.875
 20
 55.625
 31.25
 33.875
 25.875
 17
 22
 39.875
 26.125
 39.625
 14.875
 34.125
 32
 16.375
 17.25
 32.625
 28.75
 32.125
 20.5
 26.875
 34.875
 18.5
 22.25
 32
 9.625
 26.875
 38.875
 23.625
 35.75
 32.125
 35
 23.75
 33.625
 31.875
 45.75
 46.125
 21.375
 30.125
 20.875
 20.875
 32.125
 30.125
 27
 39.75
 32.5
 17.125
 30.125
 23.375
 42.75
 31.875
 50.375
 26.875
 25.625
 21.25
 36.625
 43
 35.5
 26.75
 38.75
 29.125
 33.125
 23.875
 37.5
 33.75
 20.75
 38
 35.125
 38.75
 37.75
 33
 37.5
 48.125
 28.625
 33.125
 31.5
 30.125
 30.625
 34.875
 28.375
 21.75
 31
 21.625
 22.625
 24
 42.125
 27.125
 37.875
 32.5
 12.625
 21
 25.625
 31.625
 30.375
 31.875
 34.875
 44.125
 34.5
 31.125
 22.25
 34.25
 16.375
 37.375
 48.125
 28
 25.5
 37.125
 29.25
 24.875
 36.25
 41.5
 31.875
 34.375
 53.5
 35.25
 26.5
 40.125
 45.125
 28.875
 32.5
 38.5
 33.875
 24.25
 25.125
 25.625
 34.25
 43.25
 40.875
 28.875
 27.125
 37.5
 32.875
 48
 35.375
 38
 29.75
 25.625
 38.5
 30.625
 30.75
 24
 37
 43.375
 32
 48.5
 16.625
 45.875
 37
 37.125
 23.5
 21.875
 37.5
 27.375
 32.5
 41.25
 38
 40.75
 20.125
 15.125
 39.25
 27.625
 42.625
 34.875
 35.25
 16
 20.625
 19.75
 23.375
 29.25
 32.625
 32.875
 38.625
 32.25
 41.125
 26.75
 39.875
 34.5
 28.25
 43.125
 28.625
 26.375
 36.625
 29.125
 23.875
 29.125
 46.5
 29.125
 12.75
 16.75
 28.375
 42.75
 24
 25.5
 39
 30.5
 34.125
 30.125
 44.5
 35.75
 18.625
 34.375
 36
 30.5
 27.625
 13.875
 36.75
 21.5
 33.375
 20.75
 38.75
 30.375
 22.5
 18.875
 33.375
 33.625
 21.125
 55.25
 33.25
 23.625
 41.375
 43.375
 19.875
 38
 40.875
 33
 26
 35.5
 23.875
 26.75
 24.875
 34.625
 25.875
 25.625
 33.75
 29.75
 22
 36.5
 48.5
 39.375
 30.875
 43.75
 35
 37.125
 26.75
 33.5
 37
 34.125
 25
 42.375
 25.125
 34.125
 29.75
 34.5
 43.375
 37.125
 30.75
 34.25
 21
 32.625
 45.625
 39.5
 35.375
 13.375
 29.125
 34.375
 40.25
 42.25
 26.5
 25.25
 31.75
 19.25
 51.25
 27.375
 37.375
 25.125
 39.75
 38.25
 30.375
 38.5
 32.375
 19.875
 18
 27
 41.875
 39.375
 23.75
 42.625
 30.625
 37.375
 37.25
 21.875
 32.25
 43.75
 40.75
 22.75
 23
 32
 34.875
 37.75
 15.125
 13.625
 26.25
 34
 30.625
 32.125
 36.375
 21.25
 20.875
 41.5
 34.5
 45.75
 39.875
 29.25
 23.75
 38.75
 38
 33
 25.5
 38
 38.875
 27.625
 17.25
 16
 23.375
 39.375
 27.125
 16.125
 34.625
 37.25
 25.625
 29.75
 37.125
 29.125
 10.75
 32.625
 41
 33.625
 22
 34.5
 33.375
 38.25
 43.5
 29.875
 18.25
 32.375
 41.625
 47.625
 34.25
 16.125
 20.125
 29.875
 24
 35
 40.5
 30.25
 39.375
 32.625
 22
 27.375
 45.125
 31
 29.5
 26.25
 24.625
 27.375
 34.375
 13.625
 30.75
 36.25
 32.625
 35.875
 29.25
 36.875
 23.125
 32.5
 30
 23.125
 41.5
 30.25
 31.75
 36.625
 25.375
 36.875
 17.5
 19.625
 39.75
 44
 31.125
 31
 20
 35.875
 40.625
 24.25
 37.625
 32.375
 41.625
 27.375
 29.5
 34.25
 24.375
 34.75
 28.625
 50.375
 24.375
 23
 31.75
 31.375
 39.125
 28.125
 23.75
 28.875
 34.5
 39
 31.75
 37.875
 30.375
 35.125
 26.25
 25.625
 28.375
 43.875
 41.625
 33.75
 32.75
 25.875
 28.75
 42.75
 34.375
 26.5
 43.375
 25.125
 45.125
 26.375
 47.375
 41.75
 31
 23.75
 29.125
 46.625
 40.5
 44.25
 32.25
 41
 40.125
 19.875
 29
 38.875
 44.625
 25.625
 20.875
 33.25
 40.25
 30.625
 47.625
 39
 26
 41.125
 31.625
 32.375
 48.625
 33.875
 31.875
 31.625
 30.875
 29.75
 26.375
 34.125
 29.25
 38
 24.75
 41.75
 35.625
 33.75
 34.25
 38.875
 31.5
 22
 34.875
 40.625
 23.5
 38.875
 46.25
 39.375
 25.375
 33.875
 29.375
 18.25
 23.875
 33.125
 33
 36.5
 25.875
 29.375
 25.625
 36.25
 36.5
 35.625
 30.125
 48.875
 15.875
 29.25
 27.25
 33.875
 20
 20.625
 47.125
 28.375
 36.5
 29.625
 29.5
 39.625
 39.375
 33.125
 37.75
 22.875
 34
 34.625
 35.5
 22
 30.5
 29.5
 39.625
 21.75
 38.625
 47.625
 26.875
 34.375
 44.25
 24
 23.375
 23.5
 45
 36.5
 29.375
 26.25
 36.125
 33.125
 28.75
 38.25
 31.875
 23.625
 36.125
 41.625
 32.875
 42.25
 31.25
 41.5
 29.875
 22.75
 24.625
 31.875
 32.625
 37.5
 24
 31.625
 27.125
 22.5
 16.625
 44.25
 37.125
 37.75
 36.125
 25.375
 31.125
 30
 32.875
 35.625
 27
 42.125
 26.375
 21.5
 32.25
 40.5
 38.75
 27.125
 20.125
 33
 35.875
 38.125
 36.875
 24
 19
 25.375
 23.875
 30.5
 39.75
 46.75
 20.75
 30.625
 35.125
 18.875
 27.25
 26.625
 40
 32.625
 42
 30.375
 30
 30.125
 23.75
 39.125
 39.625
 19.125
 34.625
 27.75
 19
 40
 36.875
 31.125
 22.75
 35.875
 23.625
 36
 31.875
 27.25
 43.25
 21.5
 28.125
 35.25
 34.125
 37.25
 33.75
 42.75
 26.5
 21.125
 28
 49
 27.5
 28.375
 36.125
 18.5
 38.875
 27.625
 17.125
 34.625
 36.125
 31.125
 52.125
 34.75
 25.5
 31
 39.875
 34.125
 18.5
 26.125
 26.75
 37.875
 42.125
 43.875
 11.25
 21.25
 40.625
 50.375
 38.25
 50.75
 26.875
 40.875
 47.625
 24.875
 31
 34
 25.5
 31.875
 33.125
 26.125
 25.875
 31.125
 14.5
 44.25
 25
 26.625
 25
 29.5
 12.875
 30.625
 37.25
 34.75
 20
 30.875
 36.875
 27
 37.75
 31
 25.5
 30.625
 21.5
 43.125
 22.875
 22.875
 40.25
 29
 44.625
 17.625
 22.625
 36.75
 26.25
 34.625
 37.75
 27.375
 26.75
 31.625
 36.5
 43.125
 28.625
 28.5
 27.375
 34.875
 26.25
 25.125
 38.875
 25.75
 23.5
 39.375
 44.125
 36
 24.75
 39.375
 22.875
 34.5
 31.5
 30.875
 18.125
 46.625
 14.875
 43.5
 31
 25.125
 30.5
 37.375
 27.5
 36.875
 30.125
 38.25
 27.625
 35.75
 34.25
 21
 26.25
 30.25
 34.625
 38.5
 29.875
 34.125
 37.75
 33.875
 34.875
 35
 30.625
 24.875
 18.25
 31.375
 31.75
 19.625
 46.25
 30.375
 52.5
 37
 35.25
 38.625
 44
 27
 32.875
 34.5
 38.375
 24
 27.5
 43.25
 30.125
 30.375
 19.5
 10.75
 45.25
 26.125
 35.25
 18.875
 25.75
 39.875
 26
 33.25
 35.25
 25.375
 30.125
 39.75
 41.5
 40.125
 24.375
 49.375
 33.75
 38.125
 27.75
 40.625
 29.625
 22.75
 26.375
 26.375
 20.375
 19
 37.5
 22.375
 35.875
 44.25
 32.625
 23.5
 41
 37.5
 30
 33
 29
 34.375
 32.875
 29.875
 22.625
 24.625
 22.5
 21.25
 37.125
 29
 24
 46.625
 36
 39.625
 36.375
 27.25
 25.375
 29.875
 35
 24.375
 47.5
 41.25
 32
 28.125
 26.375
 40
 21.25
 29
 22.375
 26.625
 17.875
 27.375
 24.375
 38.375
 38.375
 23.625
 25.375
 33.125
 31.25
 19.125
 34.5
 33.25
 22.125
 31.125
 30
 20.125
 29.25
 23.75
 46.375
 31
 30.875
 22.125
 40.75
 32.625
 34.375
 37.125
 19
 44.625
 24.125
 30.5
 39.125
 42.125
 33.625
 31.625
 21.625
 24.875
 24.375
 23.5
 39.25
 44.5
 30.875
 25.125
 32
 34.75
 27.125
 36.625
 40.125
 32.75
 32.125
 21.5
 42.375
 26.375
 27.875
 22.625
 36.625
 46.25
 45.75
 37.875
 22.75
 26
 36.375
 25.5
 38.375
 26.375
 25.625
 39.5
 13.75
 44.125
 37.25
 32.5
 38.5
 37.25
 34.75
 18.875
 31
 34
 37.75
 34.125
 48.375
 28.625
 38.5
 37.875
 37.25
 36.875
 33.125
 39
 32.875
 30.125
 40.625
 28.125
 26.25
 29.875
 36.625
 37.125
 51.375
 29.5
 24.125
 32.75
 16.875
 47.875
 21.625
 19
 24.75
 23.875
 35.625
 26.5
 30.25
 22
 40
 22.375
 33.25
 29.625
 21
 25.75
 31.75
 34.25
 28.625
 35
 39.75
 25.5
 32.125
 37.5
 40.125
 39.625
 24.125
 28.125
 39.875
 35.875
 30.375
 25.75
 41.5
 32.875
 18.25
 17.25
 23.875
 24
 34.375
 38.625
 32.25
 42.625
 30.25
 11.125
 32.5
 27.875
 23.75
 17.5
 29.125
 21.75
 22.75
 39.125
 39.125
 17.375
 34
 36.625
 22.125
 30.375
 32.125
 25
 35.875
 35.5
 31.75
 37.25
 23.875
 33.75
 27.625
 41.875
 18.75
 34.25
 33.75
 10.125
 37.625
 20.75
 29.5
 25.25
 35.625
 38
 33.375
 26.625
 41
 30.25
 35.875
 45.25
 20.125
 23.75
 33
 39.25
 18.375
 31.125
 28.5
 21
 48.5
 18.625
 47.625
 33.125
 46
 26.375
 31.875
 21.25
 17.125
 36.875
 43.25
 32.125
 30.625
 37.625
 45.75
 24.625
 42.375
 33
 34.875
 36.875
 23.5
 32.375
 31.5
 28.5
 34
 28.125
 33.125
 39
 35
 31.25
 39.25
 19.75
 30.25
 36.75
 53.75
 20.5
 26.125
 35
 27.75
 25.125
 31
 36
 32.875
 23
 18.125
 24.125
 24.5
 22.875
 20.25
 37.875
 37
 18.125
 35.25
 36.5
 32.875
 29
 19.5
 27.75
 38.625
 32.875
 32.875
 45.25
 26.375
 38.375
 30
 27.625
 36.875
 46.25
 37
 26
 32.875
 18.375
 25.625
 34
 33.25
 36.875
 36
 25.625
 36.375
 38.125
 30.5
 25.375
 37.625
 38.25
 21.625
 9
 46
 49.125
 29.25
 38.75
 32.25
 50.375
 28.5
 31
 40.625
 9.375
 24
 38.125
 45
 24
 23.375
 22.375
 29.5
 42.75
 39.375
 46.75
 24.25
 25.25
 30
 15.875
 21.125
 24.875
 30
 21
 30.375
 28.5
 34.625
 45
 29.875
 35.75
 24.125
 28.75
 35.5
 30.875
 26.125
 38.125
 39.25
 49.375
 35.75
 26.75
 35.125
 21.75
 27.125
 48.125
 29.125
 32.875
 13.5
 18.25
 19.125
 31.125
 31
 40.625
 36.75
 38.25
 39.625
 33.25
 40.625
 38.75
 36.125
 31.75
 31.375
 29.625
 24.875
 38.625
 24.25
 14.375
 24
 32.625
 22.5
 31.25
 48.125
 34.875
 21.125
 28.5
 29
 39.5
 36.25
 16.25
 17.875
 32
 40.25
 30.25
 22.75
 20.125
 23.25
 35.875
 31
 34.25
 28.125
 21.375
 28.75
 25.25
 37.75
 48.375
 43
 40.875
 39.75
 45.125
 24.75
 37.5
 37.75
 12.875
 34
 23.75
 30.125
 29.625
 22.375
 28.75
 27
 32.25
 35.5
 37.625
 49.875
 39.25
 31.125
 28.25
 37.25
 38.25
 41.875
 30.25
 39.75
 42.875
 30.75
 26.125
 42.75
 33.625
 18.375
 42.75
 26.5
 35.625
 37.375
 36.875
 27.375
 38.125
 33.875
 39.25
 21.375
 40.5
 48.625
 30.625
 24.125
 32.75
 21.375
 25.875
 28.625
 31.125
 27.375
 28.125
 23.5
 40.5
 18.375
 14.5
 25.5
 23.5
 36.125
 21
 37.625
 28
 14
 33.5
 24
 31.125
 35
 48.25
 33.375
 33.375
 46.5
 32.5
 31.25
 27.25
 37.875
 11.125
 27.625
 27.375
 28.125
 41.375
 53.375
 33.25
 45.375
 16.75
 25.875
 45.375
 30
 36.25
 38.875
 12
 26.625
 44.25
 38.5
 12.5
 34.375
 33.25
 42.125
 22.75
 32.25
 26.375
 24.75
 27.625
 35.625
 30.625
 36.125
 36.375
 33
 19
 36.375
 25.75
 37.5
 42.125
 20.375
 31
 47
 36.375
 20.25
 30.25
 35.25
 12.625
 23.125
 43.125
 24
 40
 24.625
 36.75
 18.25
 28.5
 24.875
 44.125
 36.25
 33.375
 31.125
 38.625
 27.875
 23.75
 34.5
 30.875
 23.75
 16.625
 21.375
 37.25
 46.75
 24.5
 30.75
 29.5
 31.75
 25.125
 30.375
 35.25
 34.125
 34.25
 28.75
 33.625
 29.5
 37.5
 33.125
 19.625
 31.125
 32
 47.25
 17.375
 35.375
 33.875
 36.75
 40.5
 27.25
 25.75
 33.875
 34.875
 30.75
 25.125
 37.5
 49.875
 21.125
 39.375
 28.75
 28.25
 42.375
 20.375
 36.875
 44.75
 20.5
 30.625
 28.25
 26
 29.5
 21.875
 47.375
 36.125
 36.875
 27.5
 23.875
 15.875
 28.625
 41
 35.625
 31
 32.25
 45.5
 34.375
 38.375
 22.375
 26.75
 25.375
 22.75
 33.25
 33.875
 36.375
 29.375
 41.75
 21.75
 40.875
 31.875
 40.125
 47.25
 43
 29.5
 24.625
 23.25
 27
 9.875
 32
 25.5
 39.25
 24.875
 35.5
 24.875
 43.5
 31.625
 35.125
 35.125
 24
 27.75
 25.625
 39
 45.375
 37.75
 40.125
 23.875
 32.25
 36.625
 36
 25.375
 34.75
 35.875
 29
 29.875
 41.125
 26.625
 19.875
 23.875
 36.25
 37.25
 15.125
 47.875
 31.375
 32.75
 27
 30.125
 23.375
 33
 22.375
 25.375
 33.125
 31.125
 33.125
 42.125
 40.375
 31.25
 18
 46.375
 21.375
 34
 29.125
 40.625
 38.5
 22.625
 30.25
 27.25
 36.125
 40.125
 22.875
 41.25
 33.375
 14.625
 33.375
 21.125
 32.125
 32.5
 39.875
 26
 12.375
 16.25
 46.625
 36.75
 40.75
 34.375
 36.625
 50.125
 36.5
 26.625
 41.25
 23.75
 37.25
 27.25
 34.25
 33.625
 39.375
 31.375
 34.5
 46.125
 44.375
 34.375
 50.625
 32.75
 47
 30.5
 25.75
 31.375
 38
 31.25
 28.625
 34.625
 19.375
 12.5
 36.875
 36.75
 37.125
 39.375
 41
 37.375
 38.5
 30
 29.125
 38.875
 23.375
 20.375
 42.125
 36.5
 43.25
 34.75
 21.125
 25.375
 19.75
 32.75
 31.125
 27.875
 30.625
 28
 17.5
 26.125
 30.25
 29.125
 40.75
 29.5
 30.375
 33.125
 21.375
 26.75
 26.25
 24.125
 40.125
 32
 33.375
 20
 31.375
 25.625
 26.75
 36.25
 17.25
 40.5
 47.375
 22.125
 31.625
 24.375
 31.125
 27.125
 29.5
 24.625
 31.5
 33.5
 27.875
 31.75
 19.375
 23.625
 25.875
 22.125
 36.875
 33.125
 30.625
 29.125
 24.125
 27.25
 35.375
 41.5
 39.25
 34.125
 48
 32
 25.875
 20.375
 41.375
 23.125
 35.625
 14.125
 18.75
 48.625
 32
 41.875
 19.5
 34.125
 30.625
 36.625
 32.75
 31.5
 40.625
 17.625
 38.375
 37.75
 20.875
 26.75
 38.625
 42.5
 41.375
 32.75
 47.25
 31.875
 43.75
 23.875
 26.875
 30.5
 23
 21.125
 37.625
 40.375
 34.125
 32.125
 21.125
 38.625
 32.75
 23.125
 13
 39.875
 29
 42
 26.375
 27.875
 28.25
 27.75
 33.875
 21.375
 21.875
 22.75
 36
 15.75
 40.5
 25.75
 20.125
 44.375
 44.25
 34
 29.5
 43.125
 37.25
 21.625
 30.5
 32
 23.125
 23
 31.375
 28.125
 28.75
 29.875
 20.625
 27.25
 16.375
 25.75
 35.125
 29.5
 32
 36.875
 39
 48.75
 44.25
 22.625
 32
 30.5
 28.125
 29.75
 38.5
 27.875
 24.25
 42.875
 31.125
 26.875
 40.25
 41.875
 29.75
 38.625
 26.75
 22.375
 25.25
 41.75
 41.25
 34.875
 24.25
 27.875
 34.375
 29.875
 40.5
 41.625
 40
 38.875
 32.125
 28.75
 23.5
 39.5
 36.375
 21.25
 26.75
 31.125
 26.5
 48.75
 35.25
 40.5
 45.5
 37.125
 23.875
 19.375
 43.5
 45.125
 42.25
 27.875
 21.25
 36.75
 20.875
 29.125
 42.25
 45.5
 38
 37
 43.125
 35.25
 43.75
 31
 38.125
 20.25
 15.25
 21.375
 39.375
 36.75
 26.375
 25.625
 20.5
 25.25
 38.125
 26.75
 40
 42.5
 28.5
 23.125
 27.875
 28.875
 24.25
 27.75
 40.75
 27.125
 25.125
 32.25
 38.5
 21
 23
 28.75
 24.25
 31.25
 19.25
 23.625
 44.5
 35
 32.75
 18.875
 27.75
 24
 45.625
 30
 22.625
 26.75
 45.625
 17.25
 27.5
 27.25
 38.25
 39.125
 34.625
 26.75
 36.25
 22.25
 23.625
 51.625
 17.375
 30.375
 46.875
 34.875
 22.625
 28.625
 35.75
 35.875
 24.75
 53.625
 43.375
 23
 25.875
 26.375
 41.375
 27.625
 31.375
 45.125
 43.375
 28.125
 30.375
 15.625
 35.625
 21.25
 28
 39.375
 22.875
 43.875
 18
 31.75
 24
 29.875
 36.875
 31.375
 32.25
 33.625
 45.75
 22.5
 34.875
 49.25
 29
 44.875
 38.125
 54.875
 31.125
 22.5
 33.875
 20
 25.625
 26.75
 33.25
 35.5
 34.875
 34.125
 30.625
 29.375
 15.875
 27.125
 30.75
 43.875
 18.875
 25.375
 22.125
 27.125
 30
 22.125
 19.125
 30.875
 39.25
 21.375
 33.25
 33.25
 22.5
 31.875
 26.5
 21.25
 37
 37.75
 33.625
 23.625
 21
 26.5
 36.75
 28.375
 38.5
 41.5
 23.125
 24.375
 28.75
 38.375
 45.75
 38.75
 18.375
 27.25
 24.5
 26.875
 32.875
 28.5
 35
 23.625
 37.125
 37.25
 26
 35.875
 46.875
 35.125
 29.25
 48
 31.875
 35.25
 31.25
 29.875
 26.125
 34.125
 24.875
 32.625
 34
 42.625
 25.25
 47.125
 33
 20.875
 30.75
 40.75
 22.125
 35.875
 31.375
 45.875
 36.375
 42.625
 25.125
 24.375
 35.125
 33.875
 30.5
 28.75
 30.5
 27
 40.125
 26.25
 34.625
 44.5
 25
 26.375
 22.375
 30.375
 32.375
 40.875
 32.5
 39.25
 33
 42
 50.5
 16.5
 28.75
 36.25
 14.125
 36.625
 36.625
 17.5
 27.75
 28.625
 33.5
 41.75
 43
 16.625
 19.375
 28.625
 29.875
 30.5
 23.25
 25.5
 22.25
 37.625
 28.125
 40.625
 13.875
 36.375
 43.375
 39.125
 17.5
 12.25
 31.875
 22.625
 22.125
 52.25
 27.25
 36.625
 32
 40.5
 32.5
 19.125
 14.125
 41.5
 33.625
 23.375
 30.625
 33.625
 28.125
 29.5
 26.125
 22.5
 21.875
 33.875
 35.5
 25
 23.875
 29.25
 31.375
 34.375
 36
 29
 40.125
 24.25
 26.625
 33.125
 41
 35.5
 21.625
 26.625
 23.375
 33.375
 30.375
 24.5
 46.375
 28.625
 39.75
 24
 32.875
 40.375
 34
 23.125
 40.625
 25.5
 30.75
 20.5
 15
 38.5
 41
 37.125
 32.625
 49.375
 44.375
 39.375
 22.125
 35.25
 28.125
 42.625
 24.625
 33.25
 35.5
 44
 20.5
 47.125
 19.125
 16.875
 26.25
 33.25
 35.25
 31.25
 32.5
 21.125
 31.875
 42.625
 31.875
 15.5
 30.25
 32.25
 29.125
 24.75
 35.875
 19.125
 27
 38.625
 28.125
 11
 23.875
 42.5
 43.125
 22.625
 43
 20.125
 30.5
 31.375
 27
 30.25
 28.875
 20.875
 36
 42.625
 40.875
 45.5
 38.625
 24.5
 21.625
 23
 36.5
 49
 25
 36.875
 37.125
 27.5
 22
 32.5
 21.875
 41.375
 43.625
 24.875
 36.5
 38.375
 31.125
 40.125
 34.125
 27.75
 33.375
 21.875
 31.25
 28
 25.125
 36.625
 30.375
 36
 34.625
 26.5
 39.125
 31.125
 23.5
 43
 45.5
 24.875
 28.125
 18.625
 20
 17.75
 24.75
 38.5
 30.25
 36.5
 26.125
 28.625
 27.75
 35.5
 15.75
 25.25
 48.875
 40.625
 19.875
 39.625
 25.375
 30.25
 19.25
 23.875
 40.125
 22
 33.875
 42
 52.75
 28.125
 40.5
 21.75
 27.125
 33.75
 21.875
 30
 29.125
 44.625
 22.875
 15
 25.125
 38.75
 40
 32.25
 13.125
 31.375
 39
 21.625
 27.75
 32.75
 35.25
 31.625
 32
 34.625
 33.875
 41.125
 27.375
 12.875
 30.625
 34
 29.875
 42.625
 43.875
 24.75
 33.375
 35.75
 33.5
 33.375
 36.625
 22.375
 33.25
 25.25
 44.375
 29.375
 43.625
 39.125
 14.75
 26.625
 31.5
 35.25
 45.25
 24.625
 41.125
 27.75
 41.125
 25.25
 23
 46
 31.5
 25.5
 34.625
 34.875
 32
 12.375
 38.75
 46.75
 24.75
 20.5
 27.125
 40.25
 29.375
 25.125
 20.125
 41.625
 27.75
 30.375
 25.875
 25.25
 32
 39.5
 40.75
 20.5
 28.875
 38.25
 32.5
 23.5
 37.25
 20.875
 19.25
 19.125
 28.25
 53.875
 30.875
 34
 18.25
 20.625
 46.75
 37.25
 33.125
 19.25
 37.25
 30.125
 37.125
 31.125
 30.25
 22.5
 26
 24.375
 28.875
 38.375
 36.875
 43.125
 34.25
 33.375
 45
 21.25
 31.375
 31
 42.625
 25.25
 20.75
 47.125
 29.625
 24
 33.875
 24
 41.5
 26.875
 29.25
 53.125
 29.625
 29.5
 41.75
 46.125
 26.625
 34.5
 31.75
 26.5
 40.125
 51.625
 51.125
 25
 40.875
 28.125
 34.625
 34.75
 38.5
 26.375
 21.25
 29.25
 27.375
 41
 24.125
 32.375
 30.75
 31.75
 23
 35.875
 34.875
 36.125
 35.875
 30.625
 35.125
 31.5
 25.75
 25.625
 33.625
 26
 22.5
 34.625
 28.375
 42.625
 25.5
 26.875
 39.75
 27.375
 34.5
 26
 26
 35.875
 32.125
 28.5
 36
 21.5
 31
 42.375
 36.625
 35.5
 36
 21.875
 45.125
 19.875
 41.625
 35.375
 31.75
 29
 34.875
 22.5
 26.5
 34.125
 39.625
 32.625
 35.25
 27.5
 39
 25.125
 30.625
 29.625
 42.5
 26.625
 34.75
 21.625
 34.75
 26.875
 29.125
 21.125
 22.375
 22.625
 30.75
 28.875
 31.25
 34.125
 11.25
 23.5
 26
 29.75
 34
 28.625
 20.625
 33.375
 36
 12.375
 31.375
 22.5
 31.75
 24.75
 32.625
 24.875
 43.375
 32.25
 42
 12.375
 18.5
 34.625
 45.75
 28.625
 34.5
 39.875
 28.5
 25
 36.5
 24
 41.25
 38
 38.375
 46.125
 23.625
 34.75
 35.5
 20.625
 22.625
 30.625
 26.25
 33
 20.25
 22.625
 37.875
 14
 31.375
 16.75
 40.875
 22
 42
 25.375
 21
 28
 41
 30.25
 52.75
 41.5
 30.25
 28.5
 28.25
 20.5
 39.375
 15.75
 28.75
 47.125
 32.125
 29
 32.625
 24.875
 33.5
 30.75
 27.5
 23.5
 21
 21.375
 32
 34.5
 51.5
 42
 20.375
 28.5
 24.5
 29.125
 25
 37
 31.625
 33.875
 28.875
 44.375
 35
 25.5
 31
 44.75
 32.5
 28
 50.75
 21.5
 25.625
 36.625
 45.75
 19.125
 32.5
 32.125
 24.625
 26.75
 24
 15
 30.75
 26.25
 32.625
 30.875
 19.5
 16.125
 37.25
 29.875
 42.125
 30.875
 32.25
 21.875
 39
 22.625
 23.125
 21.625
 20.25
 40.375
 38.25
 25.75
 37.125
 34
 34.125
 39.5
 38
 35.75
 34.125
 28.125
 32.5
 30.125
 24.625
 22.125
 41.875
 10.5
 20.75
 20.5
 36.875
 29.875
 43.375
 25.5
 38.25
 22.125
 18.25
 33.25
 12.125
 21.375
 46.125
 34.875
 24.25
 40.125
 29.875
 49.25
 16.25
 47
 25.625
 15.75
 20.5
 38.25
 28.5
 13.5
 36.125
 37.875
 28.5
 24.25
 23.625
 32.875
 30.125
 32.5
 25.25
 30.875
 41.25
 18
 25.25
 25.5
 26.125
 20.125
 25.625
 42.625
 21.5
 43.75
 28
 20.375
 37.875
 31.125
 20.25
 47.25
 35.75
 33.375
 28.625
 34.5
 30.375
 34.75
 29.75
 24.625
 25.875
 37.125
 34.375
 33.125
 37.125
 43
 31.625
 29.5
 19.125
 39.625
 37.75
 26.625
 40
 36.75
 33
 37
 38.25
 36.375
 27.75
 32.375
 29.875
 42.375
 34.25
 45
 49.375
 26.75
 16.375
 20.875
 43.125
 32.375
 25.75
 38.25
 32.75
 32.625
 29.75
 31.75
 35.5
 48.25
 22.375
 28
 35.375
 25.125
 14.875
 43.875
 39.75
 16.375
 31.75
 39.5
 20.25
 32.125
 26.5
 25.125
 24.75
 20
 20
 44.625
 45.75
 47.875
 33.375
 23.125
 35.625
 36
 17.125
 52.75
 32.5
 25.875
 16.25
 31.25
 35.125
 23.375
 49.375
 26
 22.875
 39.875
 33.625
 18.875
 37.625
 35.5
 44.875
 33.875
 40.375
 29.5
 38.75
 28.25
 43.125
 21.375
 25.375
 40
 36.375
 40
 29.875
 46.75
 20.625
 33.25
 35.125
 42.875
 34.75
 24.125
 42.875
 19.75
 19
 32
 20
 19.875
 24.5
 28.75
 33.625
 30
 39.75
 26.375
 46.125
 20.875
 34.125
 28.875
 31.75
 34.75
 34.875
 36.25
 18.125
 48.625
 28.25
 36.625
 23.875
 21.625
 45.5
 30.5
 41.75
 43.875
 44.625
 24.5
 31
 30
 28.25
 27.875
 22.375
 21.25
 38.375
 48.375
 32.625
 32
 24.375
 25.5
 30.375
 19.25
 27.375
 28.75
 37.875
 22.875
 25.25
 25.5
 27.75
 34
 29.125
 43
 35.625
 41.25
 35.375
 40.625
 30
 45.375
 31.75
 38.75
 37
 38.25
 36.625
 43.5
 22
 24.25
 32.75
 39.625
 33.625
 25
 30.25
 32.75
 39.25
 31.875
 29.75
 19.5
 42
 26.375
 15.375
 22.25
 26.25
 32.875
 31.375
 18.25
 36.875
 25
 38.75
 35.5
 35.25
 28
 25.25
 37
 37.625
 33.125
 18.5
 19.25
 37
 29.25
 26.5
 20.875
 42.25
 18.125
 48.125
 44.875
 13.375
 25.75
 35
 28.375
 37.125
 32.5
 22.25
 21.75
 20.875
 45.125
 36.375
 49.125
 31
 35.25
 28
 30.5
 21.125
 39.125
 30.375
 19.75
 38.5
 35.25
 26.5
 38
 37.75
 35
 27
 18.125
 44.25
 28
 30.75
 12.875
 47
 23.625
 29.5
 49.25
 27
 35.875
 32.625
 31.75
 52.125
 30.875
 41.125
 41.375
 33.75
 29.125
 41.75
 18.75
 29.5
 32.875
 26.625
 22.375
 43.75
 20.875
 32.125
 31.875
 24.125
 33
 32.875
 28.75
 37.125
 24.875
 35.5
 37.75
 25.625
 24.375
 29.875
 46.75
 27.5
 35.625
 30.625
 15.625
 36.125
 24
 29.875
 28.5
 28.375
 37
 28.625
 22
 34.125
 24.875
 29.5
 26
 34.25
 42.375
 18
 38.375
 24.5
 22.5
 23.25
 31
 45.875
 39
 21.75
 25.125
 14
 27
 36.125
 18.125
 44.25
 29.25
 21.5
 27.875
 34.125
 40.5
 27.625
 29.5
 31.875
 18.5
 27.375
 49
 26.375
 32.125
 43.75
 51.25
 27.25
 36.125
 30.5
 31
 31.375
 32.5
 30.875
 17.125
 42.625
 29
 34.625
 41.625
 37.375
 44
 39.375
 27.5
 23.5
 24.875
 19.875
 46.5
 44.375
 29.375
 17.5
 31.25
 21.875
 29.875
 23.375
 32.75
 29.75
 29.375
 29.25
 47.875
 36
 28.5
 23.875
 34.75
 20.25
 26.375
 40.375
 32.75
 31.625
 20.25
 48.75
 44.5
 49.25
 24.375
 38.875
 37.25
 37.125
 29.5
 35.375
 32.875
 29.125
 29.25
 39.25
 30.625
 25.5
 33
 24.5
 41.25
 21.75
 27.875
 33.625
 33.25
 34.75
 26.875
 44.5
 36.875
 33.625
 38.25
 30.875
 26.75
 41.875
 31.875
 29.375
 45
 18.75
 25
 34.75
 40.375
 24.5
 35.75
 38.625
 39.125
 36.25
 41.5
 26
 39.125
 37.75
 36.125
 25.75
 34.5
 15.5
 37.625
 24.625
 30.125
 36.75
 33.625
 18.375
 32.875
 17
 19.875
 19.5
 25.875
 16.75
 25.875
 33.375
 28.375
 30.5
 19.25
 16.75
 42.5
 22.125
 19.375
 39
 27.75
 32
 28.125
 26.875
 30
 29.875
 25.25
 22.25
 38.875
 32.375
 41.75
 30.625
 31.75
 42.875
 35.125
 20.625
 35.375
 39.375
 22.25
 20.75
 35.25
 21.875
 25
 31
 24.75
 31.75
 41.625
 46.5
 27.375
 36.25
 17.875
 14.125
 30.75
 31.875
 34.5
 19.375
 19.75
 44.125
 35.625
 27.5
 38.375
 31.75
 29.125
 33.875
 26.75
 26.25
 43.25
 25.75
 41.125
 30.75
 44.125
 45.375
 36.875
 30.625
 35.875
 13.875
 37.125
 30.5
 32.375
 38.5
 30.375
 36.5
 35.5
 39.875
 22.75
 50.125
 29.5
 29.75
 49.25
 30
 44.375
 25.625
 43.25
 17.875
 16.125
 31.375
 45.25
 24.5
 15.625
 14.375
 31.75
 40.5
 45
 42.25
 37.75
 42
 18.5
 24.25
 29.5
 34.25
 40
 22.5
 48.125
 29.5
 49.125
 31
 36.125
 30.5
 31.625
 28.875
 52.75
 30.625
 31.125
 22.125
 35.5
 21.125
 37.875
 35.125
 37.25
 32.875
 21.125
 29.5
 34.125
 22
 31.25
 41.125
 42.5
 34.625
 32.5
 29.625
 27.125
 27.25
 47.75
 19.625
 30.5
 22.875
 44.25
 23.125
 22.5
 25.125
 49.875
 25.375
 44.875
 33.875
 24.875
 36.375
 22.25
 31.625
 35.25
 31.5
 30.875
 32.5
 41.375
 42.375
 16.375
 40.875
 45.625
 26.875
 38.125
 45.125
 30.625
 26.375
 29.875
 32.875
 26.5
 37.375
 44.875
 33.75
 20.25
 35
 28.5
 33.875
 37.5
 28.625
 33.375
 30.625
 40.875
 31.75
 41.625
 39.875
 31.25
 34.625
 31.75
 36.625
 31
 37.125
 43.875
 31
 16.375
 40.5
 35
 15.125
 29.625
 36.25
 35.875
 18.375
 32
 41.625
 17.5
 27.75
 47.5
 44.5
 33.25
 27.5
 31.75
 30.75
 31.375
 40
 35.5
 30.75
 35.375
 37.5
 40.25
 36.875
 25.5
 21.875
 32.375
 26.625
 28.125
 20.5
 45.75
 27.125
 24.25
 35.875
 22
 34.75
 18.125
 43.875
 34.875
 26.375
 36.375
 29
 43.375
 36.125
 30.875
 25.5
 26.5
 34.75
 33.625
 25.125
 27.5
 36.75
 36.125
 26.5
 46.75
 32.5
 21.625
 40.5
 22.875
 27
 23.375
 29.375
 27.875
 29.75
 21.75
 38.125
 27.25
 31.5
 30.75
 29
 25.5
 21.75
 25.5
 34.625
 35.375
 39.125
 22.25
 49.75
 41.875
 33.125
 46.875
 31.875
 28.25
 21
 34.875
 34.625
 31.75
 35.25
 26.625
 30.375
 23
 21.5
 31.125
 26
 29.75
 36
 25.625
 26.75
 20
 28.625
 40.375
 25.5
 16.5
 17.125
 38.25
 28
 39.5
 26
 42.25
 35
 35.625
 35.5
 37.625
 22.5
 29.375
 28.375
 42.25
 42.375
 30.5
 31.5
 54.125
 29.5
 42
 37.625
 35.125
 40.5
 38.375
 39.875
 29.625
 34.25
 28
 21.5
 32.375
 14.125
 28.625
 22
 21.75
 52.125
 44.375
 27.625
 31.625
 24.5
 30.375
 24
 29.25
 25.75
 36.625
 24.5
 29.75
 31.5
 33.375
 27.5
 47.375
 24.125
 18.625
 32.75
 22
 39.375
 34.75
 37.625
 30.625
 24.125
 28.5
 23.625
 25.625
 34.5
 39.375
 14.5
 24.625
 25.625
 27.25
 12.75
 30.5
 45.75
 37.625
 18.5
 23.375
 39
 47.625
 8
 27.25
 27.125
 33.375
 30.875
 41.375
 38
 36.875
 38.125
 24
 33.375
 29.75
 16
 34.25
 35.875
 36.25
 32.125
 22.75
 24.375
 24.25
 39.625
 33.875
 29.875
 33
 35.75
 27
 21.625
 25.25
 30.875
 25.375
 33.75
 36.375
 33.125
 27
 41.25
 28.375
 38.875
 28.5
 28.375
 34.375
 20
 21.375
 25.125
 35.125
 24.375
 23.5
 41.625
 29.25
 30.5
 49
 43.125
 17.375
 35.875
 36.625
 33.375
 36.125
 28.25
 35.75
 39.375
 39.125
 32.125
 51.125
 41.375
 19.25
 40.375
 31.875
 25
 28.375
 16.625
 18.375
 23.5
 39.875
 27.625
 31.25
 25.75
 36.375
 39
 31.25
 28.125
 31.875
 24.375
 31.125
 26.375
 24.75
 34.625
 27
 17.875
 36.75
 25.375
 23.5
 34.625
 16
 18
 36.25
 32.25
 15
 40.375
 30.375
 37.125
 28.5
 19.75
 21.875
 33.25
 30
 27.375
 35.875
 27.75
 46.875
 28.375
 34.75
 25.25
 16.75
 25.25
 32.625
 45
 37.125
 29.875
 44.5
 37.75
 26.25
 35.125
 19.125
 20.25
 29.375
 14.625
 30.125
 29.75
 30.75
 24.625
 40.625
 23.375
 29.5
 27
 34.625
 36.625
 41.875
 31.625
 23.75
 29.75
 20.25
 34.875
 37.875
 17.875
 40.375
 35
 21.375
 26.125
 20.625
 29.625
 36.125
 26.75
 35.875
 22
 27
 25.125
 28.625
 25.375
 34.125
 18.125
 22.625
 29.125
 26.125
 32
 44.125
 25.625
 43.75
 28.25
 49.875
 36.125
 34.875
 28.875
 46.875
 38.875
 32
 20.5
 26
 29
 34.875
 22.375
 33
 22.25
 34.75
 38.625
 22.5
 36.5
 39.5
 30.375
 15.75
 10.75
 35.25
 34.5
 32.875
 20.5
 32.5
 28.25
 31.875
 35.75
 32
 36.875
 27.625
 41.125
 26.5
 25
 44.375
 28.625
 35.25
 28.25
 16
 42.75
 26.75
 28.25
 42.75
 34.375
 35
 36.875
 27.625
 41.375
 39.375
 41.25
 26.625
 27.25
 38.5
 45.5
 37.5
 25.25
 22.375
 49.125
 43
 29.375
 40.75
 36.75
 30.5
 26.875
 46.375
 40.875
 26.75
 18.375
 36.25
 25
 25
 21.625
 23.625
 26.25
 23.5
 40.75
 26.125
 30.5
 24.25
 25
 32.375
 32.5
 44.625
 18.625
 18.25
 28.875
 44
 33.375
 18
 27.125
 27.5
 29.125
 29.125
 19.625
 29.25
 19.5
 49.25
 36.875
 21.25
 27.875
 27.125
 43.75
 30.5
 28.125
 18.625
 31.5
 34.125
 37.875
 37.25
 23
 37.25
 47.75
 27.75
 34.875
 39.75
 27
 31
 30
 32.25
 34.75
 28.125
 25.25
 29
 24.25
 34.375
 27.125
 30
 27.125
 24.125
 36
 40.25
 31.625
 30.375
 35.875
 21.375
 33.5
 34.375
 21
 29.75
 42.375
 22.625
 28.25
 36.5
 42
 27.5
 24.25
 26.5
 47.375
 36.25
 26.875
 28.25
 28.375
 10.5
 37.625
 27.5
 23.75
 36.375
 12.875
 32
 21.25
 30
 46.25
 27
 32.5
 33.75
 31.75
 29.375
 38
 32.5
 38
 26.5
 42.75
 28.375
 34.375
 30.5
 35.5
 37
 23.625
 22.5
 35.25
 40.5
 28.375
 26.5
 30
 35.5
 39.25
 28
 34.375
 32.875
 26.375
 20.5
 32.375
 32.25
 29.5
 38.625
 42.25
 47.375
 40.375
 25.5
 28.375
 35.75
 50.25
 20.25
 27.625
 40.375
 27.875
 25.125
 39.75
 19.375
 24.5
 33
 31.375
 36
 23.125
 33.375
 40.5
 30.25
 29.75
 35.375
 30.625
 20.375
 28.25
 22.375
 31.125
 28.25
 30.125
 32.125
 29.5
 26.625
 27.25
 42.625
 29.25
 36.875
 32.875
 35.875
 30.25
 41
 14.875
 38
 34.5
 22.25
 22
 30.75
 26.25
 30
 26
 23.875
 33.875
 24.375
 39.375
 27
 34.875
 29.5
 36.875
 23.75
 44.125
 23.375
 24.375
 8.375
 32.375
 27.375
 40.875
 32.375
 30.25
 33
 28.75
 31.625
 23.375
 34.5
 36
 27
 19.375
 40
 22.25
 27.125
 24.875
 39.875
 23.875
 25.375
 36.875
 24.5
 24.625
 38.125
 22.375
 23.125
 35.375
 17.125
 23.875
 22.25
 33.625
 28.5
 21.375
 31.75
 32.75
 29.875
 28.75
 34.125
 53.5
 33.875
 14.75
 25.25
 37.75
 20
 26.375
 19.375
 35
 36.625
 36.25
 34.875
 31.625
 21.875
 41.375
 46.625
 24.125
 30.875
 28
 32.5
 36.375
 29.875
 19.25
 38.875
 27.875
 41.625
 37.125
 49.5
 21.5
 24.125
 43.875
 38.125
 42
 41.625
 28.5
 43.75
 42.625
 25.125
 36.875
 15.875
 19
 40
 39
 29.625
 39.125
 35.5
 35.625
 25.75
 34.75
 18.625
 30.375
 27.375
 30
 19.875
 46.125
 26
 33.75
 39.375
 23.75
 25.875
 36
 25.5
 20.75
 41.875
 17.375
 7.625
 34.625
 28.5
 31.625
 19.375
 32.75
 39.375
 22.875
 18.75
 36.25
 17.625
 27.75
 29.375
 25.625
 17.75
 34
 39.625
 43.875
 28.5
 42
 47.625
 30.5
 32.875
 30
 34.375
 21.125
 39.5
 23.125
 44
 36.25
 22.25
 19.875
 37.25
 41.75
 39.75
 42.375
 30.75
 43.625
 22.875
 35
 22.5
 23.625
 33.375
 34.75
 34
 37.125
 26.5
 21.25
 27.75
 32
 32
 29.875
 35.5
 28.75
 31
 37.625
 27.125
 40.25
 36.25
 41
 18.75
 37.75
 43.125
 36
 38.375
 32.125
 31.375
 27.375
 32.875
 25.75
 26.375
 37
 35.125
 41.375
 39.875
 39.125
 20.25
 26
 14.75
 34.125
 34.25
 28.25
 29.875
 29.25
 15.875
 38
 35.875
 38
 30.125
 24.75
 24.5
 22.5
 38
 29.125
 33.125
 42.125
 37.5
 42.5
 15.5
 38.625
 24.125
 31.625
 31.75
 40
 28
 15.125
 35.375
 30.625
 21.5
 40
 28.375
 35.125
 33.875
 33.625
 24
 36.125
 36.375
 41.125
 15.5
 35.5
 25.5
 29.125
 35.125
 31.125
 19.625
 49
 29.75
 40
 35.25
 33.375
 31.75
 30.375
 28.125
 29.375
 56
 32.375
 16.625
 29.875
 39.875
 18.5
 24.5
 17.75
 28
 30.125
 31.125
 34.125
 35.875
 25.625
 36.375
 48
 31.375
 36.5
 38
 35.5
 35.875
 30
 30.875
 31.75
 23.25
 23.5
 37.625
 29.625
 26.875
 33.5
 38.25
 15.375
 21.5
 46.875
 40.625
 35.75
 48.375
 31.125
 20
 33.25
 40
 22.25
 30.125
 34.75
 15
 39.75
 30.25
 17.375
 29.625
 34.75
 29.5
 25.5
 34.5
 25.375
 29.875
 32
 20.375
 21.625
 30.125
 42.75
 32.375
 28.375
 31.125
 28.25
 16.875
 44.375
 39.25
 40.25
 42.75
 26.75
 29.75
 37.25
 24
 29.375
 37.625
 30.75
 33.25
 37.375
 19.75
 37.875
 33.375
 27.5
 46.875
 25.875
 22.625
 26
 30.375
 38.5
 37.125
 52
 20.75
 34.125
 21
 32.875
 30.5
 29.75
 25.375
 18.125
 31.25
 27.25
 46.25
 34.375
 27.375
 30
 28.625
 21.125
 29.625
 27.625
 29.375
 28.25
 22.375
 43.75
 18.625
 45.5
 39.125
 24.5
 18.875
 36.25
 36.75
 26
 36.75
 15.75
 35.25
 14.5
 31.125
 38.25
 39.5
 39.125
 39.875
 37.375
 25.625
 46.125
 42
 33.375
 26.375
 24.125
 40
 20.875
 28.125
 26.875
 22.5
 23.25
 20.75
 48.625
 33.75
 27.125
 43.25
 32.75
 38.25
 51.375
 43.125
 29.25
 34.625
 29.75
 30
 27.875
 22
 31.625
 29.75
 14.625
 26.625
 31.875
 26.875
 32.5
 24.75
 23.75
 24.25
 19.25
 29.5
 35.125
 31.75
 27.5
 29.875
 26.125
 34.75
 22.75
 32.25
 25.75
 27.125
 42.875
 20
 14.25
 25.625
 37.5
 44.125
 33
 31.875
 33
 40.75
 38.125
 37.375
 42.75
 24.875
 30.25
 31.125
 36.375
 22.125
 23.125
 41.25
 23.25
 29.125
 37.375
 36.875
 31.5
 28.5
 38.125
 33.625
 37.625
 31.375
 35.5
 27.375
 21.125
 28.25
 32
 17.5
 47.125
 37.875
 23.625
 42.125
 44
 38.5
 21.25
 24.375
 23.25
 24.75
 20.25
 27.625
 21.375
 34.25
 34.125
 14.875
 26.375
 45.25
 23.5
 30.625
 28.25
 24.625
 31.25
 26.5
 25.25
 39.125
 39.625
 43.875
 25.625
 32
 35.5
 34
 44.75
 23.75
 46.125
 29.625
 14.75
 36
 46.625
 30.125
 38.125
 17.875
 49
 36.625
 27.5
 24.375
 42.375
 32.875
 31.25
 37.75
 37.875
 29.875
 27.5
 24.375
 44.375
 26.75
 29.125
 45.125
 25.125
 36.25
 40.125
 42.375
 36.125
 35.75
 44.875
 43.75
 41.625
 20.875
 25
 34
 24.625
 38.625
 38.25
 23.5
 21.75
 40.25
 31.75
 30.375
 39.875
 20
 31.375
 33.125
 26
 37
 26.25
 35.5
 33.375
 45.625
 34.375
 24.25
 34.25
 37.75
 50.75
 33.875
 23.125
 36.875
 39.375
 28
 46.5
 29.5
 27.375
 31.125
 39.75
 44.75
 31.5
 27.25
 17
 40.125
 26.5
 42.625
 32.25
 31.5
 24.75
 21.75
 42
 44.25
 29.375
 27.375
 19.125
 30.375
 32.125
 31.25
 41
 20
 32.125
 39.25
 18.625
 31.25
 27
 27
 40.5
 24.25
 37.5
 29.375
 35.75
 32.75
 25.875
 34.625
 30.25
 23.875
 26.5
 26.375
 27.625
 28.75
 35.5
 41.875
 33
 33.5
 17.75
 39.25
 24.625
 31.125
 31
 26.625
 24.875
 21.25
 18.375
 20.125
 31.875
 31.875
 34.5
 29.375
 33.25
 49.625
 42.25
 23
 27.75
 28.625
 30.625
 35.875
 11
 39.875
 29.875
 39.25
 24.5
 39.75
 39.625
 27
 39.875
 35
 21.125
 33.75
 29.25
 34.625
 28.75
 26.75
 17.25
 25.5
 30.625
 41.25
 53.625
 29.125
 21.75
 28.875
 39
 24.5
 41.25
 26
 39.875
 25.75
 39.375
 26.125
 20.625
 26.125
 28.75
 44.375
 20.75
 29.125
 23
 25.375
 43.5
 36.375
 31.875
 27.5
 19.25
 21.875
 25.125
 24
 44.5
 24.375
 24.125
 23.75
 28.625
 38.125
 32.75
 32.75
 49.25
 35
 48.5
 20.375
 40.5
 47.125
 42
 26.75
 29.5
 31.625
 25.875
 16.25
 42.875
 30.875
 36.5
 23.875
 34.625
 38.625
 42.375
 23.625
 26.5
 30
 35.75
 21.375
 29
 30
 23.5
 47
 33.375
 20.125
 20.375
 42
 29.625
 36.75
 27.875
 34.5
 31.25
 37.375
 23.125
 44
 34.875
 37.625
 22.75
 27
 39.5
 24.625
 28.125
 31.25
 42.25
 22.25
 22.375
 34.125
 27.625
 28.5
 26
 30.125
 21.375
 26.875
 31.375
 51.25
 19.875
 34.75
 38.25
 39.25
 31.75
 27.25
 34.5
 30.625
 33.875
 35.25
 24
 35
 40.375
 35.875
 38.5
 23.5
 17
 26.625
 36.875
 18
 34.5
 19.375
 33.875
 30
 21.375
 36.625
 37.125
 39.375
 29.25
 32.875
 36
 41.125
 34.625
 26.625
 23
 30.75
 35.625
 24.25
 32.125
 31.5
 18.375
 19.375
 27.75
 32.625
 17.5
 25.625
 43.25
 41.875
 34.625
 35.125
 29.25
 35.375
 45.125
 48
 26.125
 26.125
 30.375
 25.625
 21.125
 23.625
 26.625
 32.25
 28.375
 28.375
 30.75
 23.625
 47
 26.875
 35.125
 21.875
 35.125
 22.125
 13.25
 29.875
 35.125
 22.5
 26.875
 33.875
 21.75
 39.125
 23.5
 42.125
 25.375
 32.5
 29.5
 33.125
 29.25
 32.875
 48
 32
 45.25
 35.125
 42.125
 30.75
 35.5
 28.25
 31.875
 38.25
 30.375
 34.5
 44.625
 29.5
 35.75
 23.625
 32.375
 21
 28.125
 35.25
 36.625
 35.375
 18.5
 28.25
 25.125
 30.5
 25.625
 22.125
 19.375
 38.125
 38
 26.125
 33
 32.75
 29.875
 21.75
 32.375
 14.25
 19.375
 23.25
 33
 15.75
 22
 41.375
 45.375
 37.625
 24.125
 33.75
 25.25
 52.125
 45.75
 23.5
 30.125
 23.375
 29.125
 23.5
 32.625
 35.125
 27.125
 36.75
 22.875
 30.125
 43.125
 35.625
 30.375
 42.875
 33.875
 40.5
 22.75
 30.125
 24.25
 22
 34
 45.5
 38.5
 36
 24.25
 21.5
 25.625
 41
 32.75
 40.375
 34.75
 31.25
 32.125
 30.375
 22.625
 37.75
 30.75
 32.375
 18.75
 32.875
 33
 30.75
 33.625
 21.375
 28.875
 21.25
 18.25
 36.5
 36
 38.75
 26.375
 28.375
 19.5
 31.625
 28.5
 36.25
 33
 34.75
 42.375
 30.625
 31
 29
 29.875
 55.5
 30.875
 30.375
 43.125
 30.5
 29.5
 39
 32.875
 21.25
 19
 18.25
 23.5
 14.75
 27.875
 40
 35.25
 34
 21.875
 21.625
 22.125
 40.5
 25.375
 18.75
 29.625
 28
 41.875
 24.625
 41.875
 25.75
 22.25
 35.375
 27.5
 40.875
 27.25
 33.125
 32
 31
 31.75
 34
 34.875
 32.375
 44.5
 46.75
 26.125
 32.5
 38.875
 26.25
 39.875
 38
 35.375
 31.875
 23
 36.125
 30
 54.125
 26.75
 33.875
 18.125
 45.75
 17
 28.75
 21.625
 33.625
 29
 18.75
 28.5
 29.5
 21.625
 29.5
 43.75
 18.625
 16.625
 37.25
 16.625
 19.875
 37.375
 31.625
 30.5
 34.25
 26.375
 9.125
 32.875
 18.5
 26.125
 33.875
 31.5
 44.375
 44.75
 36.375
 28.75
 28.5
 44.5
 30.5
 21.125
 46.75
 19.875
 30.75
 30.875
 35.375
 42.125
 36.25
 34.25
 36.625
 30.625
 33.75
 18.125
 40.125
 32.5
 45
 24.25
 51.5
 21.125
 42.375
 37.25
 25.25
 48.875
 38.875
 35.625
 30.25
 34.375
 32.25
 22.125
 26.625
 47.125
 29.25
 37.75
 19.625
 39.125
 37.125
 13.25
 14
 26.375
 37.625
 44.5
 14.75
 20.875
 19.625
 26.375
 24.125
 39.375
 33.125
 24.5
 29.5
 10.875
 37.375
 35.875
 37.625
 42.5
 35.375
 43.75
 25.125
 40.625
 50.875
 27.25
 33
 32.625
 25.875
 36.75
 30.375
 40
 30.875
 31.125
 35.625
 29.625
 37.875
 39.5
 40.625
 26.5
 32.5
 26.25
 48.125
 20.625
 31.125
 27.875
 42.125
 35.625
 14.375
 27.625
 23.75
 29.75
 25.625
 42.625
 23.625
 17.5
 17.625
 36.375
 33.625
 22.25
 44.25
 30.875
 21.625
 32.25
 37.625
 42
 30.625
 33.5
 26.625
 14.875
 24.75
 22.75
 24.125
 22.375
 31.625
 35.25
 39.875
 24.625
 18
 21.25
 16.5
 38.75
 35.25
 33.125
 23.875
 27.75
 29.25
 29.25
 28.875
 33
 33.5
 35.375
 35.75
 23.5
 19.5
 33.625
 20.375
 22
 29.625
 18
 23.375
 29.125
 43.5
 42.625
 24.75
 46
 31.625
 25.375
 32.875
 42.625
 30.25
 51.5
 31.375
 32.5
 52.125
 48.625
 19.5
 29.5
 39.5
 22
 38
 45.25
 35.125
 24.875
 28.625
 25.875
 27.5
 20.375
 41.375
 22.125
 48.25
 47
 33.125
 24.875
 32.375
 30
 26.75
 49.5
 38.75
 28.125
 37.25
 28.125
 46.5
 28
 43.75
 41.5
 26.5
 27.625
 24.25
 39.25
 46.25
 37
 25.125
 32.75
 35.5
 27
 41.5
 14.625
 39.125
 36.625
 30.25
 41.875
 32.375
 16.5
 30
 39.5
 33.5
 25.125
 22.375
 29.75
 30
 34.125
 24.75
 27
 19.75
 43
 24.625
 28.875
 25.375
 39.25
 21
 39.5
 28
 23.125
 38
 40.5
 38
 30.25
 43.5
 18.375
 24.25
 38.75
 25.375
 35.75
 28.375
 16.125
 45.5
 35.875
 48.125
 28.375
 36.25
 39.375
 25.75
 35.625
 35.625
 25.5
 32.625
 29.25
 22.125
 34.5
 37.75
 36.875
 37.25
 31
 28.125
 30.875
 24.75
 30
 40.75
 31.625
 20.875
 23.25
 28.625
 27.125
 33.5
 39.5
 28
 36.25
 29.125
 30
 13.75
 29.75
 42.125
 25.625
 32.25
 24
 27.125
 24.375
 35.5
 34.375
 24.5
 40.125
 26.5
 37
 30.5
 43
 26
 19.625
 21
 32.375
 32.5
 20.375
 46.75
 27.25
 32
 36.25
 24.5
 29
 23.5
 38.5
 37.625
 27.375
 20.875
 32.125
 36
 27.875
 25.5
 45.875
 26
 37
 41.875
 27.625
 38.75
 34.5
 34.375
 30.5
 39.5
 30.625
 31.875
 19.875
 28.375
 25.75
 24.25
 36.25
 34.125
 39.125
 36.75
 32.125
 41.125
 37.375
 16.5
 33.375
 29.25
 33.5
 31.25
 24.75
 31.625
 30.875
 33.375
 29.625
 27.625
 35.75
 50
 20.875
 24.875
 34.75
 24.875
 34.25
 25.875
 36.625
 24.25
 21.875
 48.125
 27
 21.5
 37.625
 33.125
 25.25
 30
 37.25
 29.125
 24.75
 39.125
 45.5
 32.25
 48
 31.75
 34.375
 26.5
 32
 30.25
 19.375
 30.625
 22.5
 20.625
 31
 38.125
 26.25
 30.25
 32.625
 30.625
 36.625
 42.625
 26.125
 35.5
 41
 28.375
 36.875
 12.375
 26.75
 31.375
 44.5
 32.375
 28.625
 33.875
 37.375
 32.75
 29.25
 40.25
 31
 41.5
 27.75
 36.25
 28.125
 30.75
 15
 23
 23.5
 26
 32
 35.75
 28.375
 43.875
 21.75
 28.25
 34.75
 35.5
 34.25
 37
 29.25
 22
 49
 28.5
 35.25
 18.75
 27.875
 41.625
 28.625
 29.75
 23.125
 41.25
 48.625
 33.75
 46
 36.25
 42.375
 28.5
 34.75
 18.625
 37.875
 42.625
 36
 27.5
 30.125
 20.875
 27.375
 33.625
 30.875
 23.125
 36.375
 27.25
 23.75
 23.75
 26
 23.625
 13
 30.875
 33.5
 22.625
 21
 36
 15.125
 32.5
 24.375
 12.25
 29.25
 36.25
 26.875
 34
 37.375
 33.875
 19.75
 31.5
 36.625
 34.25
 40.25
 30.375
 41
 40.25
 33.125
 37.5
 18.75
 25.25
 30.5
 31.875
 36.375
 32.5
 34.5
 41.125
 22.25
 24.5
 29.75
 35
 22.5
 23.125
 49.375
 31.75
 32.5
 13.375
 38.625
 38.5
 48.375
 26.5
 31.125
 41
 31.375
 30
 38
 37.25
 44.625
 36.625
 21.875
 37.125
 15.625
 33.625
 30.5
 37.375
 37.875
 31.125
 30.25
 27.875
 34.25
 26.25
 39.125
 28.25
 23.875
 36.125
 13.625
 25.625
 47.625
 31.75
 41.625
 33.875
 32
 24.75
 38.5
 27
 40.625
 41.5
 17.875
 16.625
 29.5
 32.625
 41.25
 31.125
 36.75
 22.125
 37.75
 34.125
 32.375
 21.5
 31.25
 41.25
 31.375
 43.5
 22.875
 28.375
 28.375
 12.875
 29.625
 23.75
 41.25
 36.375
 38.875
 33.125
 36.625
 32.75
 30.25
 35.625
 27.25
 21.375
 21
 26.625
 33.625
 26
 27
 20.375
 26.375
 41.625
 32
 14.125
 32.5
 44.5
 14.75
 27.5
 21.625
 30.25
 35.5
 32.375
 36.25
 37.875
 39.625
 35.375
 33.625
 29.25
 54.75
 24.5
 25
 26.5
 29.125
 42.125
 47.625
 19.125
 29.25
 35.375
 29.25
 28.125
 26.75
 18.875
 30.75
 29.75
 38
 31.125
 35.5
 33.75
 40.125
 26.875
 41
 46.875
 30.125
 46.625
 27.875
 21.75
 35.25
 35.125
 30.375
 32.625
 39.5
 39
 29.5
 12.875
 27.25
 37.5
 21.375
 25.25
 37.375
 14.5
 24.125
 37.5
 39.875
 29.875
 33.625
 29.125
 35.125
 40.75
 31.125
 22.875
 15.625
 24.125
 46.875
 37.625
 31.25
 36.875
 29.375
 20.75
 32.5
 21.5
 22.125
 44.5
 25.875
 15.625
 46.875
 45.25
 22
 39.75
 24.125
 29.5
 25
 40.125
 47.5
 34.375
 18
 31.875
 36.5
 34.25
 30.25
 34.875
 33.75
 44.25
 20.75
 24.875
 41.5
 32
 19.25
 24.25
 16.375
 26.5
 47
 25.5
 25.75
 40.125
 31
 27.125
 43.75
 30.5
 27.5
 40.625
 40
 43.875
 27.25
 19.375
 36.75
 21.5
 24.375
 26.625
 18.375
 25.25
 35.875
 32.375
 25.125
 29.625
 27.5
 27.5
 34.25
 36.875
 31.75
 37.125
 32.125
 19.625
 29.25
 29.375
 32.375
 21.875
 37.375
 28.5
 38
 34.375
 46.125
 37.375
 37.375
 25.875
 32
 31.375
 30
 42.875
 24.375
 30.625
 29.75
 10.25
 25.25
 34.25
 29.375
 37.5
 27.125
 32.25
 39.125
 33.125
 32.875
 34.75
 37.5
 34
 38.5
 30.5
 23.125
 44.625
 30.375
 29.625
 22.125
 26.25
 30.375
 42.625
 31.875
 39.625
 22.625
 32.75
 46.75
 38.75
 30.625
 18.125
 27.5
 33.5
 28.625
 34.125
 28.25
 20.625
 26.875
 41.875
 34.625
 42.625
 26.25
 29.625
 47.375
 51.25
 22.625
 35.875
 30.25
 31.5
 20.875
 31
 8.875
 26.75
 50.375
 40.875
 32.75
 39.25
 22.375
 29.5
 43.125
 27
 35.75
 34.375
 39
 26.5
 23
 20.125
 28.875
 28.125
 38.625
 35
 35.875
 33.875
 36.125
 23.625
 30.25
 22.75
 37
 16
 38.75
 36
 39.375
 34.875
 19.375
 46.5
 18.75
 36.375
 27.75
 31.5
 29
 28.125
 34.75
 36.125
 28.25
 24.125
 33
 30.375
 28.375
 40.5
 34.375
 36.375
 41.625
 23.25
 30.5
 20.25
 30.5
 36.375
 49.625
 34.375
 20.625
 30.125
 32.75
 41.75
 46
 47
 36.25
 40.875
 25.875
 30.75
 29.75
 23.75
 45.25
 21.625
 18.25
 39.5
 46.25
 10.5
 21.5
 36
 32.5
 20.5
 36.5
 29.75
 34.125
 25
 27.125
 35.25
 33.5
 25.625
 33.125
 23.625
 37.625
 33.75
 27.375
 35.5
 28.125
 35.625
 38.875
 24.875
 35.875
 32.5
 17.625
 35.375
 38.875
 30.125
 32
 36.25
 35.625
 33.875
 23.875
 19.75
 39.875
 38.5
 28.625
 31.25
 34.875
 30.375
 31.375
 21.75
 30
 39.375
 19.625
 24
 29.125
 16.5
 42.125
 34.875
 38.125
 20.5
 39.875
 23.375
 23.75
 29.5
 29.75
 32.5
 43.75
 21.75
 28
 39.625
 34.125
 24.125
 23.75
 28.25
 32.25
 36.875
 32.25
 31
 23.375
 22.75
 18.125
 25.625
 36.75
 36.875
 30.125
 28.75
 13.25
 47.25
 31.375
 48
 33.25
 25.625
 26.25
 24.125
 19
 15.5
 24.625
 43.375
 35.875
 27.25
 32.875
 30.125
 26.75
 45.75
 23.125
 38.375
 39.25
 41.875
 37.875
 28.25
 38.375
 36.875
 40.625
 26.875
 29.375
 33.125
 33.5
 40.625
 22.875
 36.125
 30.25
 34.875
 27.25
 30
 29.625
 35.375
 52.25
 41.875
 35.875
 32.25
 49.125
 26.875
 44.5
 31.875
 34.25
 20.25
 35.125
 27.625
 39.125
 34.625
 29.375
 34.75
 25.625
 38.625
 38.125
 38.5
 24.25
 28.5
 34.5
 27.25
 28.75
 32.25
 11.75
 29.875
 32.875
 42.75
 31.375
 39.625
 35.75
 34.875
 40.25
 19.75
 23.375
 25
 36.125
 37
 26.875
 36.125
 34.5
 35.625
 31.75
 35
 41
 18.75
 22.625
 34.125
 31
 28.375
 26.875
 30.25
 31.875
 24.75
 27.625
 44.375
 17
 27.125
 32.125
 33.375
 34.25
 37.375
 33.75
 33.375
 25.5
 29.625
 36.125
 22.375
 28.25
 31.5
 22
 40.625
 38.625
 29.375
 34
 36.875
 37.625
 23
 44.125
 32.5
 43.5
 41.125
 29.25
 42.75
 30.75
 28.375
 39.125
 28.125
 20
 25.875
 35.5
 21.125
 38.75
 28.25
 16.625
 33.625
 19.75
 23.5
 19.5
 19.125
 38.75
 42.875
 38.5
 31.5
 26.5
 29.75
 37.25
 22.625
 29.375
 34.375
 28.5
 36.75
 39.375
 33.375
 34.375
 43.25
 19.25
 28.5
 38.125
 30.125
 31.125
 42
 27.25
 27.125
 24.5
 23.25
 14.25
 25.125
 15.5
 22.25
 37
 23.875
 40.25
 35.875
 18
 29
 29.25
 32.25
 42.375
 21.5
 41.5
 25.125
 26.75
 40.25
 18.625
 29.375
 30.625
 36.5
 38.75
 31.875
 37.125
 41.375
 37
 39.75
 37.625
 55.625
 32.875
 16.5
 17.125
 16
 29.875
 21.625
 37.125
 21.75
 35.625
 35.375
 36.375
 42.5
 29.375
 27.625
 39.75
 28.5
 42.875
 38.875
 42.125
 31.75
 32.625
 28.125
 33.375
 31.25
 23.375
 33
 39
 37.875
 30.75
 36.5
 32.125
 36.625
 33.375
 27.125
 29
 42.625
 23.875
 32.5
 35.25
 34.875
 23
 43
 29.625
 56
 23.625
 23.5
 38.25
 36.625
 29.75
 13.25
 18.5
 42
 21.125
 38.375
 25.625
 31
 43
 16.5
 26.125
 38.5
 34
 22.375
 23.125
 31.625
 38.25
 39.625
 28
 44.125
 21
 27.75
 30
 42.25
 43.75
 44.75
 36.5
 45.125
 24.375
 25.25
 34.375
 17.5
 25.125
 29.625
 28.875
 23.5
 40.25
 29.625
 34.375
 24.375
 27.875
 22.125
 21.25
 29.125
 28.375
 29.5
 39.75
 32.5
 34.375
 30.5
 31
 34.25
 27.75
 40.125
 26.75
 26
 22.625
 19.625
 18.375
 47.75
 42.125
 38.125
 40.25
 26.125


